9999
324
230
394
587
951
39
828
637
950
285
658
677
304
582
758
897
199
290
475
314
377
539
259
670
565
1
969
481
934
56
573
162
470
945
24
775
630
544
653
957
621
914
513
907
985
60
614
980
318
339
699
50
887
986
659
148
892
436
899
197
442
292
309
548
438
600
21
834
820
500
582
643
901
524
81
553
554
381
919
19
869
987
438
476
459
527
372
940
194
921
255
544
754
28
412
354
713
166
516
63
199
701
31
248
535
816
562
412
678
623
415
624
139
652
710
443
763
359
479
604
693
163
794
2
29
579
813
740
758
378
423
799
588
103
935
978
283
506
426
996
479
28
300
395
976
251
305
584
197
511
209
393
593
914
406
122
978
662
302
139
636
655
836
419
918
551
245
297
518
500
753
138
755
202
371
178
775
14
269
528
130
330
973
481
358
541
234
996
867
938
978
43
844
140
389
223
226
581
293
722
72
987
225
173
547
636
799
101
476
594
244
775
46
419
38
413
7
994
490
581
718
381
488
598
106
376
246
332
368
985
441
321
353
446
819
448
600
499
515
221
540
781
203
578
731
992
915
656
307
990
725
762
152
896
345
47
6
989
286
288
221
688
346
208
795
495
218
407
784
967
380
874
137
666
956
925
417
655
88
123
548
654
709
879
340
763
591
333
611
797
693
719
287
231
575
123
550
409
52
702
230
562
102
868
864
692
36
389
732
755
306
837
776
283
527
102
256
238
655
11
590
886
954
97
876
523
554
778
484
921
570
267
925
961
431
206
439
208
814
312
654
322
241
28
319
432
549
216
180
826
489
999
308
239
817
144
947
759
589
207
679
945
396
697
64
847
912
303
37
69
216
266
421
861
932
582
337
362
18
309
408
263
859
745
338
123
697
825
300
641
601
696
66
294
857
216
228
197
90
756
46
93
399
404
807
620
779
370
496
411
509
483
125
622
735
508
253
429
858
962
161
133
119
427
526
839
645
382
673
434
170
160
452
94
40
341
63
266
1
738
661
400
290
868
220
560
593
706
157
275
731
637
375
811
457
164
438
928
791
826
706
436
775
562
31
165
124
293
503
562
398
325
354
145
560
477
409
425
499
618
612
275
475
6
845
82
974
96
628
943
805
860
683
77
217
930
768
868
694
227
103
188
67
377
599
277
823
441
304
304
18
446
934
409
134
332
409
469
377
303
961
47
914
500
801
421
392
640
642
471
555
758
34
840
323
89
305
815
394
271
669
657
679
798
366
314
590
834
483
682
544
757
41
566
770
690
427
603
189
872
989
608
356
736
531
400
342
654
95
517
359
702
60
108
276
219
915
453
229
917
916
897
179
937
455
836
393
605
151
595
290
741
204
962
196
719
360
158
364
738
291
852
568
4
143
54
433
391
760
517
869
306
888
135
730
856
935
44
642
274
974
264
954
978
926
286
366
80
935
590
318
226
575
260
805
942
323
430
589
676
601
356
214
278
916
60
978
383
423
441
630
584
730
763
423
847
750
139
294
307
955
447
657
497
162
422
192
609
766
944
67
262
821
282
491
105
519
234
940
542
331
897
833
539
42
206
79
486
479
936
66
190
802
509
590
642
9
636
78
299
466
487
403
301
463
79
857
808
942
869
79
660
375
777
659
108
776
886
497
350
285
894
106
539
383
498
817
586
253
422
69
540
578
820
207
89
45
158
782
185
314
965
523
692
394
533
854
937
464
202
707
218
612
47
931
901
2
467
228
858
270
635
589
921
445
169
335
673
77
19
427
746
697
722
541
442
775
772
713
666
908
548
766
56
559
77
467
975
964
175
4
2
542
68
835
128
972
916
875
50
39
524
53
694
415
110
979
446
208
541
561
686
469
255
560
225
524
908
105
175
988
72
296
213
998
90
29
318
125
563
317
51
399
164
789
889
960
367
283
94
322
990
138
319
280
295
803
773
623
121
493
76
740
20
790
615
301
804
106
601
915
496
180
913
776
753
560
377
940
814
640
911
395
34
666
527
556
727
568
412
498
207
924
536
795
737
864
595
409
611
684
300
713
41
678
520
544
181
189
414
868
757
963
884
164
256
947
619
321
62
893
372
828
622
422
891
937
441
159
359
179
768
10
423
809
289
51
103
784
565
513
587
195
17
93
854
358
509
573
852
154
256
209
110
753
94
544
719
625
964
578
156
159
78
773
936
719
256
452
187
479
804
530
51
466
964
700
261
853
413
285
897
53
832
53
578
219
897
918
450
995
26
74
697
28
472
321
80
807
758
581
728
703
466
531
499
92
307
73
62
116
300
348
399
381
904
669
718
920
841
486
22
631
593
36
547
780
63
694
838
183
961
942
37
392
6
468
270
731
920
687
262
798
778
656
565
277
424
309
685
311
284
886
93
174
581
287
169
321
213
304
899
453
879
134
338
280
216
812
220
296
216
522
317
89
832
525
184
688
528
942
738
864
422
379
58
121
435
712
621
231
706
807
670
664
66
527
31
624
651
71
320
253
521
592
160
843
216
294
659
639
515
969
524
104
585
253
966
196
144
632
287
808
526
187
153
997
793
641
188
471
226
944
613
620
881
471
371
996
644
106
204
785
29
262
48
921
984
955
871
623
855
888
944
947
503
79
600
398
882
636
657
405
658
298
153
64
730
526
479
110
33
137
308
5
420
999
105
577
657
480
446
822
975
489
490
210
195
553
601
595
28
80
132
313
684
235
541
234
423
718
744
649
85
321
249
312
221
980
394
223
584
546
903
858
834
288
753
799
822
387
740
283
759
111
513
539
710
966
893
296
489
64
122
61
912
20
552
613
702
727
229
805
950
789
120
647
146
355
874
431
173
9
173
648
769
977
571
700
548
471
581
176
518
867
458
195
57
818
218
138
860
666
570
250
648
416
493
893
72
261
603
94
486
628
568
789
762
912
370
270
958
38
459
612
433
435
416
829
370
360
902
324
818
112
898
440
134
622
319
80
452
360
412
584
327
492
164
493
812
153
941
431
198
766
597
889
191
196
737
152
553
413
67
264
924
148
757
547
211
639
13
921
731
869
283
962
946
134
201
61
316
963
715
598
911
428
144
258
255
917
279
32
200
941
68
814
85
631
168
207
436
992
734
654
700
520
465
276
431
861
50
104
348
499
182
838
4
238
272
201
164
786
358
338
103
168
31
389
935
91
613
631
279
223
370
574
883
172
262
157
628
752
897
969
958
161
855
689
616
573
719
681
607
327
887
532
465
443
207
752
624
864
928
233
778
843
43
936
321
187
873
840
934
110
310
595
424
644
772
73
280
430
830
769
417
562
633
172
945
721
141
471
386
355
20
774
487
796
332
719
371
725
122
955
548
805
780
186
714
786
872
680
549
326
484
528
250
523
370
944
14
62
598
319
598
30
594
270
947
116
5
404
627
649
976
606
171
9
337
328
818
712
160
321
159
206
677
297
804
831
663
638
285
731
622
395
302
894
413
611
335
148
737
485
628
569
242
469
279
840
517
603
964
406
383
661
680
338
884
241
930
608
180
889
236
778
371
30
559
400
860
655
407
379
1
193
317
920
846
411
431
764
920
440
282
725
728
679
731
734
227
630
985
228
75
577
727
83
642
877
619
932
693
645
335
609
672
635
404
886
226
198
123
452
250
534
74
585
402
918
40
999
698
415
734
879
654
79
124
330
970
828
840
494
761
353
563
332
777
318
827
796
77
937
854
142
934
367
611
300
698
17
522
473
50
492
460
768
688
423
695
861
633
52
780
332
754
539
688
349
312
295
441
122
802
346
58
344
337
485
243
508
101
849
793
856
978
597
489
299
167
574
996
146
11
303
385
380
433
489
5
2
156
670
288
907
228
951
321
735
610
198
470
254
520
530
751
62
30
26
65
708
550
197
384
5
6
505
96
855
751
491
271
711
380
941
237
282
492
224
543
500
94
505
792
652
480
725
942
987
73
179
244
677
524
882
343
608
196
909
66
44
736
942
621
483
808
500
568
973
423
342
70
940
419
310
986
84
810
427
250
528
72
227
377
762
953
503
390
67
343
995
397
441
531
684
566
835
776
804
674
915
230
740
37
719
435
387
476
22
303
161
923
866
65
436
352
786
255
851
550
786
543
62
207
710
628
169
577
271
465
968
980
75
335
164
142
121
98
423
124
516
374
148
450
808
411
862
272
235
747
189
91
208
492
972
703
294
916
129
102
668
335
289
421
751
466
904
39
936
639
78
364
864
193
988
888
3
804
794
918
466
771
758
873
761
231
120
434
82
361
442
126
707
746
926
685
281
145
227
642
458
430
545
833
193
832
862
329
85
685
663
474
178
412
445
490
54
75
951
564
822
875
178
189
529
443
103
176
914
410
988
381
818
837
383
102
570
87
144
990
955
103
410
715
991
790
907
954
474
421
711
408
600
925
572
594
948
206
259
835
117
765
691
619
697
321
139
783
605
701
634
2
705
851
914
956
485
778
937
493
592
622
503
543
289
203
278
743
635
316
151
500
639
683
500
964
53
694
707
503
466
398
932
149
264
593
807
186
265
136
853
897
907
724
142
162
532
587
97
97
726
853
581
159
622
411
554
430
965
308
772
934
128
37
283
785
416
151
74
55
895
376
635
254
915
312
335
117
898
159
278
65
91
233
661
112
716
366
659
748
677
130
483
548
464
694
497
760
763
245
176
810
270
450
255
936
57
177
229
808
938
341
642
300
790
255
852
860
994
302
950
368
43
497
120
481
438
999
658
670
605
962
523
101
648
300
254
717
306
531
537
110
175
160
764
852
651
489
983
877
155
998
62
174
517
629
18
21
740
965
884
302
584
330
638
166
139
767
129
588
914
800
37
75
596
476
849
855
243
536
421
335
163
513
279
922
735
450
961
111
475
451
997
553
357
158
319
761
444
855
283
494
916
739
202
761
608
185
973
453
71
803
936
468
394
989
99
912
148
255
195
942
753
39
619
642
559
518
346
422
795
23
235
358
823
646
213
4
101
616
88
338
747
621
349
63
564
72
350
57
9
22
626
117
940
2
325
102
809
24
442
871
847
617
277
290
466
245
160
432
686
485
135
804
806
382
121
485
542
740
604
734
429
677
255
330
285
186
418
93
583
457
202
484
815
350
526
966
200
249
4
824
856
377
693
448
14
157
292
372
48
554
468
750
301
961
177
487
334
525
92
959
821
308
921
621
136
872
991
439
483
544
211
385
227
829
846
66
795
346
755
92
174
70
770
646
174
795
841
916
719
539
868
722
984
296
407
253
786
509
16
435
88
610
608
615
306
380
985
76
455
142
592
708
107
878
708
62
234
418
989
362
198
658
223
190
354
682
387
950
321
304
595
875
715
195
337
23
508
389
420
525
923
100
432
812
196
411
56
665
92
91
874
502
679
497
209
419
789
124
852
428
996
910
522
934
281
416
586
189
81
761
68
510
887
392
316
608
99
73
46
691
333
286
142
619
811
923
729
105
330
3
444
784
424
691
306
795
662
227
642
749
51
985
870
487
350
258
683
956
283
430
946
894
863
166
822
942
626
841
677
894
277
253
44
575
346
790
518
217
457
668
355
701
996
513
129
648
675
306
25
708
624
715
254
691
838
356
678
675
320
761
674
262
901
806
366
258
964
455
50
458
768
194
310
608
333
602
161
267
77
780
153
616
234
435
533
707
722
87
402
772
167
188
344
41
644
271
7
873
370
173
330
304
332
418
877
686
381
669
229
292
361
790
919
167
847
444
759
723
976
619
573
128
888
779
650
644
923
971
198
450
798
304
499
580
42
685
268
797
39
664
56
826
83
177
126
788
593
92
323
335
95
289
972
761
337
811
945
910
826
483
505
472
617
882
640
646
371
674
506
745
35
897
213
584
7
529
324
658
583
603
553
981
872
107
688
468
932
876
504
559
605
317
966
136
494
407
576
730
809
509
238
451
139
987
298
384
937
689
677
623
609
789
811
766
43
847
18
313
274
849
814
421
854
896
150
645
954
11
925
894
835
151
13
876
283
3
457
486
175
717
893
582
519
64
140
678
556
183
507
83
374
949
242
568
78
453
210
569
8
211
703
858
643
975
548
180
426
669
314
452
348
547
638
266
576
294
600
912
567
843
698
324
693
106
939
616
661
155
209
196
115
299
185
540
925
401
275
913
882
391
824
199
555
245
47
370
200
188
248
576
428
137
82
467
616
514
610
883
356
312
382
327
803
174
977
373
489
462
408
692
987
871
861
276
252
356
985
296
436
569
80
759
187
889
579
155
724
215
345
737
958
633
240
237
795
757
45
684
630
129
99
297
604
710
278
218
65
363
280
787
245
413
824
809
59
585
27
417
718
172
186
149
619
375
216
599
894
493
218
302
776
332
482
557
770
157
546
955
557
68
295
529
203
574
237
722
757
97
587
902
839
964
896
498
807
592
583
904
319
260
325
810
799
977
420
292
92
502
747
900
923
444
891
54
145
233
530
970
728
386
202
427
105
876
943
731
871
683
931
933
980
744
105
246
467
875
903
736
164
528
947
47
689
575
80
463
177
891
977
515
736
569
832
417
833
658
779
227
544
341
853
549
771
4
904
524
38
456
179
516
956
782
640
727
941
677
106
100
456
116
665
812
275
972
47
400
929
543
289
639
376
942
144
262
986
224
13
577
346
561
130
413
697
156
553
383
189
116
421
90
764
845
860
134
315
319
782
151
656
807
93
419
287
835
209
210
900
505
976
867
764
3
7
708
517
717
872
879
878
150
598
335
96
923
237
284
69
268
126
521
289
683
224
341
182
66
782
806
981
390
676
928
829
280
222
325
109
63
778
255
781
658
499
789
763
362
335
595
269
821
639
879
166
195
889
824
647
406
794
671
910
111
27
460
728
582
665
616
685
412
618
655
702
554
618
54
697
273
578
595
292
644
454
544
205
37
227
244
419
315
328
406
89
398
410
888
189
633
958
119
496
438
756
78
98
125
350
143
709
215
549
193
855
868
799
135
108
981
676
64
573
710
286
7
403
178
717
192
296
882
161
415
411
358
530
824
865
85
384
255
621
841
191
560
91
132
517
327
508
799
371
256
953
535
341
690
832
648
616
960
640
772
33
636
407
725
4
352
258
488
852
73
550
579
300
271
941
408
708
426
174
786
529
461
37
893
260
919
150
282
63
857
479
636
221
501
208
463
52
603
799
670
782
775
225
715
761
242
144
444
712
661
274
66
967
298
99
858
474
574
636
530
965
410
460
712
525
146
348
12
99
68
477
538
705
32
111
665
280
880
844
574
102
160
909
734
883
109
978
253
697
970
547
663
780
542
453
991
202
856
491
113
147
425
335
5
777
696
333
90
648
497
329
129
536
467
202
130
743
589
828
219
426
271
534
56
674
213
996
261
150
264
737
961
718
371
370
745
1
946
582
804
179
886
62
966
181
434
522
921
950
950
316
205
933
603
920
762
287
269
709
541
709
839
787
366
16
214
680
687
512
690
588
550
482
302
895
590
648
709
553
886
936
704
274
560
208
73
944
817
51
177
599
355
887
160
85
656
580
263
696
432
523
415
279
712
512
3
125
102
329
206
848
816
820
643
946
569
993
615
803
556
167
853
871
785
521
699
495
684
635
595
197
475
458
500
207
164
148
368
990
130
717
464
560
300
374
382
796
739
682
67
38
787
612
66
412
18
226
228
981
774
842
50
687
753
824
839
707
623
666
667
580
7
30
303
532
7
143
479
510
395
607
410
842
803
111
250
608
43
607
364
68
954
895
501
986
404
622
897
285
198
639
794
616
352
640
962
957
166
503
993
86
685
122
558
108
380
370
561
570
108
837
303
579
78
70
354
802
246
263
892
563
772
169
270
325
135
674
128
800
536
282
3
874
467
137
226
118
550
769
934
539
222
863
207
587
945
77
60
388
892
394
336
980
794
444
665
158
806
234
906
692
483
774
585
792
909
244
196
951
722
855
695
151
322
832
659
603
124
323
883
742
257
58
997
376
504
526
435
787
93
16
670
988
127
104
290
662
399
689
410
971
596
910
816
181
182
567
133
904
946
711
237
311
43
617
891
371
806
894
718
617
6
857
273
761
72
270
390
415
727
225
5
44
576
219
717
764
213
140
23
870
994
35
301
91
709
147
692
937
923
839
187
702
630
755
998
865
175
18
595
163
136
787
709
376
658
785
258
901
675
274
84
82
502
944
486
688
318
645
577
978
766
203
570
811
408
35
242
416
304
243
305
487
674
110
493
619
470
627
798
846
798
591
257
999
853
64
115
400
926
481
554
295
215
900
74
829
586
671
375
961
970
788
631
863
4
934
114
703
125
574
381
844
961
968
960
892
967
215
848
56
498
63
244
317
16
913
175
208
773
325
60
556
399
696
491
618
55
765
600
797
494
920
471
508
215
154
51
313
795
669
416
181
853
850
742
222
599
583
319
520
58
611
922
357
375
326
826
654
613
376
26
832
295
552
663
931
622
630
278
922
314
786
203
975
322
812
671
277
5
50
234
378
372
68
442
840
50
361
354
964
240
499
183
769
353
871
619
223
221
83
849
971
539
379
866
319
335
284
743
139
471
2
120
150
791
320
520
130
142
148
199
472
321
567
997
782
650
821
742
832
937
864
440
274
692
439
456
349
970
928
769
226
37
635
8
724
943
254
988
650
913
460
79
172
975
699
462
980
563
81
103
86
425
171
5
418
426
595
963
883
534
981
220
779
272
193
877
407
769
306
224
728
465
72
585
676
769
529
923
520
44
797
209
954
949
859
391
137
894
195
251
56
825
320
409
365
708
4
411
262
311
289
470
514
190
78
226
500
219
915
857
792
52
165
97
377
459
299
793
414
187
250
947
757
675
173
262
445
517
971
324
253
955
539
8
852
926
495
16
633
229
778
216
681
967
290
860
640
177
81
513
621
89
511
700
846
966
57
537
826
801
473
107
970
155
855
225
721
847
457
203
924
350
803
470
884
571
821
129
293
61
382
322
253
42
947
46
201
294
997
344
153
822
577
449
411
426
289
112
110
62
350
271
478
760
718
247
298
584
935
475
250
74
116
990
259
217
480
17
86
381
790
362
909
437
240
248
926
521
751
33
739
461
883
765
987
181
704
770
412
186
722
239
67
835
691
322
995
686
318
133
734
182
835
800
277
552
998
381
299
723
102
928
855
611
880
603
674
304
510
737
753
208
190
274
931
423
733
994
765
995
975
482
710
431
570
853
735
855
725
251
561
118
966
412
740
199
128
732
432
906
777
635
72
435
935
386
408
324
333
920
802
518
613
196
738
352
633
447
272
769
290
999
711
850
997
866
387
820
722
345
238
482
833
579
961
568
40
101
300
239
385
379
212
482
990
627
847
762
774
234
473
943
568
639
217
386
280
830
914
841
682
681
245
207
715
280
729
348
440
195
239
808
353
569
809
67
823
464
461
837
490
899
574
126
913
574
566
644
777
288
700
353
734
305
920
134
286
71
232
810
663
721
581
959
344
800
12
321
566
801
274
561
611
948
875
965
445
47
234
536
983
527
657
569
962
47
511
879
13
408
386
456
407
165
182
498
509
366
660
59
531
692
634
255
488
970
858
429
533
721
470
348
17
788
616
860
524
122
552
645
255
844
567
711
208
45
647
551
372
440
992
987
810
268
170
571
82
387
331
527
941
941
242
501
293
291
598
280
599
902
295
295
245
975
931
514
555
698
419
38
775
68
709
407
200
551
509
693
28
997
108
611
206
150
966
915
468
383
740
432
490
838
761
359
451
698
738
522
126
144
210
149
203
398
148
443
694
724
657
16
204
700
512
111
799
736
913
628
936
105
139
312
904
633
821
191
352
759
681
933
254
190
793
360
354
24
851
651
438
496
757
257
407
568
939
296
868
875
608
51
472
237
561
945
34
523
630
885
631
637
325
447
435
299
463
701
714
150
507
143
672
409
495
839
73
576
477
103
924
253
252
544
16
939
674
636
630
551
52
482
788
471
296
111
784
684
104
913
707
438
689
461
717
766
994
186
369
991
114
22
438
723
772
16
956
839
323
401
799
541
106
338
744
477
303
496
348
59
655
510
84
909
296
165
365
460
898
155
820
599
512
386
535
412
907
315
43
577
545
335
138
478
802
992
593
540
483
732
28
912
485
566
759
76
853
17
203
634
620
283
331
451
471
168
636
206
219
940
416
405
695
580
967
801
109
85
10
606
233
805
751
354
857
125
617
435
578
770
954
311
304
217
45
166
488
293
803
77
736
581
144
429
448
154
429
963
359
129
436
432
357
190
666
627
779
174
493
927
895
691
418
626
218
272
542
63
922
258
663
897
266
90
935
568
392
123
821
419
995
817
784
761
538
723
284
493
468
101
151
954
90
555
702
676
904
8
19
817
742
422
940
105
229
719
888
27
461
820
153
635
676
400
469
477
522
850
729
410
426
849
73
557
981
999
818
998
200
641
979
930
70
18
783
556
24
773
797
358
145
408
900
232
417
553
896
894
665
413
298
62
69
340
908
873
996
420
326
836
771
620
26
831
221
534
25
405
52
261
149
135
508
749
862
852
811
948
190
426
570
580
91
32
298
292
488
667
95
41
443
287
14
942
512
261
800
302
891
145
119
239
789
258
251
302
335
664
988
756
223
725
937
953
308
87
867
487
473
228
233
489
975
988
643
178
505
37
85
199
529
738
318
723
45
371
31
63
449
78
642
534
630
316
526
370
358
169
100
57
235
370
878
34
213
602
946
218
89
76
686
486
153
119
545
944
313
734
976
392
948
463
667
117
89
37
491
258
256
505
362
101
940
847
838
314
683
514
663
471
479
688
399
30
8
362
690
277
503
162
401
175
39
735
261
593
622
429
298
944
723
98
989
196
738
92
97
394
337
40
970
751
586
890
405
416
557
815
109
717
649
529
835
696
566
385
944
722
569
175
689
253
81
37
952
574
12
839
390
473
365
844
175
783
909
713
556
92
876
709
270
280
271
740
332
584
284
528
240
13
333
209
313
683
228
553
233
203
860
760
572
178
739
828
380
359
246
439
503
126
652
207
970
771
89
804
694
22
240
828
925
558
498
150
725
715
253
297
291
435
97
684
552
295
588
609
901
546
498
185
827
685
99
814
68
660
876
182
665
373
654
892
906
937
773
402
992
298
467
275
956
785
256
367
280
728
31
817
856
765
958
500
497
628
436
922
292
613
553
591
914
150
110
347
28
268
643
165
639
938
712
139
923
620
932
805
326
336
549
964
85
756
69
368
543
716
887
604
996
338
193
633
996
130
595
30
417
951
340
470
115
957
828
848
339
699
99
645
732
712
156
30
39
141
79
201
249
41
682
411
584
877
102
328
354
556
156
1
623
800
997
814
337
736
174
500
567
204
928
454
984
456
560
705
675
757
654
512
947
919
906
591
185
274
314
93
708
35
105
184
830
689
195
401
209
785
917
58
232
635
117
3
155
538
535
53
862
806
103
95
664
937
458
550
427
688
890
517
591
621
963
392
505
386
200
754
913
955
497
593
566
804
71
783
371
977
301
218
73
714
234
188
938
286
332
941
532
223
418
506
711
717
940
431
532
974
332
940
451
436
284
377
278
519
16
104
45
806
16
264
194
140
156
463
751
231
990
782
806
734
916
254
10
202
373
280
734
571
433
420
332
234
323
401
107
745
163
663
869
588
76
268
18
93
841
306
485
575
373
76
215
312
432
553
310
224
839
446
187
159
274
24
302
994
734
909
383
501
359
147
178
564
698
324
850
50
314
309
163
279
649
646
548
580
155
772
76
482
781
899
231
37
301
499
41
442
110
331
484
844
566
377
538
57
62
58
783
81
829
867
379
420
727
822
534
703
990
791
275
964
363
183
267
80
496
70
649
723
195
868
395
75
601
756
198
719
78
471
910
163
216
492
644
692
865
429
323
443
617
781
272
270
13
908
27
730
625
484
261
450
674
593
449
805
983
594
845
539
1
487
885
470
35
925
78
882
403
770
596
400
337
652
627
898
611
537
996
804
360
293
993
220
446
368
372
11
622
731
788
357
240
802
458
164
892
809
675
232
894
379
482
260
71
404
888
866
914
192
401
136
977
305
457
741
531
669
886
334
371
232
430
327
801
735
375
689
843
686
142
648
43
896
912
847
420
267
910
865
559
557
354
700
7
415
833
446
768
556
391
623
82
392
716
454
56
899
296
346
160
536
851
303
719
505
626
734
706
613
553
19
580
370
452
787
525
217
931
790
521
209
184
291
788
75
346
526
970
983
524
297
445
402
526
312
463
109
114
999
370
49
483
226
835
592
557
738
968
799
540
576
237
23
756
706
728
13
246
273
264
635
802
347
202
426
49
751
130
221
500
58
806
765
923
673
374
872
852
751
694
700
93
548
744
424
202
453
92
995
358
401
42
843
139
787
92
812
393
124
874
167
784
175
160
614
958
839
587
954
972
133
153
33
319
865
349
667
322
398
359
564
525
644
350
671
104
94
703
166
995
867
704
57
830
269
187
365
870
140
500
356
836
130
74
953
953
985
812
990
737
716
798
888
121
964
128
793
756
34
605
33
234
189
629
888
670
655
821
271
316
694
328
422
969
794
264
338
57
608
798
443
89
382
313
134
341
879
904
422
19
25
170
98
415
962
412
432
185
396
742
223
269
124
387
672
5
893
395
563
84
624
680
841
452
739
128
735
273
952
120
277
306
257
861
939
139
415
274
727
196
204
271
582
346
756
991
804
839
997
649
724
632
234
683
34
376
386
349
202
107
515
70
365
304
540
85
935
688
278
358
663
535
968
112
489
598
843
114
467
302
213
573
789
324
39
242
611
156
814
458
596
826
369
364
155
984
166
502
582
418
705
159
79
966
217
217
906
937
736
378
946
240
118
801
611
431
119
647
905
128
480
917
170
737
215
307
418
723
246
756
387
482
58
608
641
479
560
475
277
77
728
794
584
595
880
205
456
135
345
64
532
245
725
818
179
774
716
853
659
965
723
278
1
234
82
777
959
992
791
315
898
720
513
115
573
890
716
273
394
848
390
325
203
344
391
398
148
622
748
672
903
133
452
712
247
967
116
768
699
772
273
388
650
785
871
520
37
134
834
65
341
922
77
340
50
1
514
123
713
444
89
67
253
678
589
966
129
616
630
491
556
649
425
21
914
828
82
713
875
479
544
553
622
370
426
963
21
443
155
717
704
296
446
368
641
698
587
84
414
624
360
667
244
425
766
846
194
21
922
45
44
380
898
356
442
719
434
440
866
207
173
605
314
348
753
608
8
578
877
407
300
491
713
44
289
846
652
554
409
340
239
312
512
81
293
9
176
286
123
45
681
818
711
598
113
776
330
14
169
29
637
492
253
977
988
454
191
52
421
449
34
151
434
746
902
791
938
335
791
311
285
378
748
904
896
969
532
933
639
19
406
71
937
710
819
926
385
411
617
933
109
910
664
240
353
849
793
147
136
724
702
780
822
340
506
326
514
813
586
317
730
867
280
851
907
773
386
799
719
436
321
257
722
766
379
568
568
843
172
530
674
959
422
178
685
764
58
626
549
280
850
363
508
684
436
597
527
506
55
216
315
294
859
887
90
467
795
12
882
922
892
596
213
877
648
963
685
620
102
60
146
428
31
433
274
688
520
158
561
447
230
743
204
648
621
791
255
211
448
203
925
565
297
723
220
725
341
583
644
856
66
270
335
970
748
252
360
464
12
990
371
306
762
93
258
531
916
804
233
635
431
309
962
680
833
258
948
568
360
816
654
976
142
880
359
711
400
497
626
599
502
976
988
938
513
132
748
263
94
890
178
2
371
703
118
332
264
810
626
649
51
175
231
274
95
123
413
168
542
813
826
773
868
374
80
379
930
311
893
631
118
398
598
356
613
850
544
903
790
205
894
931
6
957
815
274
965
736
675
716
368
609
862
727
198
879
14
250
857
780
745
631
855
874
41
734
27
630
994
57
118
984
561
575
67
913
611
586
809
718
831
125
501
531
200
675
242
853
96
329
95
158
316
472
847
401
606
704
985
455
453
554
208
687
796
91
552
153
231
848
908
544
860
320
588
914
346
167
797
648
910
960
853
183
241
505
878
895
679
468
391
131
160
465
929
102
909
13
580
279
562
372
722
229
920
492
594
52
901
340
462
492
611
398
390
279
874
957
574
4
728
226
803
91
282
717
485
337
976
985
327
857
373
634
160
419
751
256
775
251
65
150
949
831
337
566
889
400
575
934
403
74
357
840
835
527
495
177
43
787
689
390
891
461
229
512
584
761
808
8
203
107
532
170
270
471
494
525
740
121
673
445
167
539
968
432
396
283
131
243
797
207
695
370
363
40
601
609
6
49
306
604
8
469
998
708
102
207
858
347
418
776
324
416
490
702
504
28
353
36
886
416
239
953
381
198
772
706
251
531
887
224
54
509
406
38
137
219
15
866
147
515
984
119
669
374
618
129
462
61
399
469
356
720
430
234
589
956
919
551
898
167
378
341
236
696
280
194
754
129
471
995
233
892
947
482
580
616
606
631
307
632
306
647
542
448
744
601
65
65
285
34
963
23
124
64
211
228
345
994
743
884
452
784
311
649
474
246
684
736
631
590
571
454
620
160
259
815
9
123
959
217
193
347
314
734
637
413
446
146
755
211
496
641
124
961
325
924
5
834
916
904
861
138
256
987
709
453
156
25
794
737
118
821
852
348
137
664
475
828
801
138
386
36
974
910
961
975
155
379
218
150
764
507
672
980
285
43
268
820
700
258
384
153
232
234
263
904
987
447
477
976
879
272
335
965
468
123
962
535
272
586
372
580
562
220
896
342
131
608
282
195
133
290
59
212
765
131
543
497
685
895
718
619
618
347
292
612
330
160
835
83
520
669
905
142
303
825
919
366
155
731
243
340
576
9
729
660
254
560
862
909
965
319
441
975
255
967
936
43
219
914
662
276
475
775
648
595
343
40
925
919
657
893
824
488
737
406
835
804
519
78
433
101
654
763
548
853
709
962
766
55
66
331
994
278
669
466
313
980
655
804
996
24
938
794
414
626
789
753
931
830
101
473
678
815
27
3
387
120
626
600
201
517
433
104
518
338
314
506
535
251
978
855
731
393
597
401
517
880
101
831
617
9
854
50
672
440
265
546
577
766
108
364
583
179
877
915
3
629
673
733
150
273
529
627
670
877
948
778
2
60
306
379
442
66
208
62
618
520
748
454
924
137
40
529
591
749
156
722
217
257
34
770
441
62
860
581
803
677
106
752
486
252
122
874
945
195
706
302
421
13
808
398
551
955
311
811
718
227
424
207
725
648
91
98
970
260
862
220
208
192
64
696
129
680
634
825
252
56
591
742
778
302
408
299
841
983
600
951
440
568
109
857
686
194
16
799
110
248
2
732
867
309
44
78
649
640
85
432
356
6
714
420
695
92
46
197
848
425
438
883
616
850
891
594
646
261
373
886
239
154
74
308
42
843
16
627
777
905
232
12
708
627
393
859
676
286
132
722
221
763
902
179
883
741
389
960
506
940
918
503
897
579
101
231
945
51
374
179
680
636
612
628
410
647
763
292
588
798
909
221
77
964
316
858
822
435
729
424
295
774
49
312
676
904
723
21
815
111
640
365
366
891
543
312
982
878
476
802
232
667
670
612
539
79
942
398
697
263
515
513
1
932
708
67
786
828
747
465
697
989
103
468
788
392
385
590
671
59
453
896
140
406
384
501
727
877
91
426
834
376
259
952
271
383
78
230
447
359
77
229
507
616
783
827
71
418
523
745
835
277
945
847
32
896
560
412
964
14
448
137
755
56
615
482
388
271
173
520
563
269
561
328
689
826
736
777
164
721
360
95
747
346
416
160
797
842
488
592
586
364
787
989
318
664
44
964
172
618
112
692
329
752
902
662
912
234
989
921
418
197
941
986
965
184
448
469
818
337
896
426
810
794
245
377
696
234
160
686
117
535
107
969
710
398
725
215
912
957
101
25
755
819
193
627
286
538
68
547
695
859
846
998
861
501
311
347
557
836
25
724
770
259
888
11
58
177
196
322
700
808
230
330
115
471
909
53
343
418
189
905
352
826
416
363
385
143
485
91
423
848
925
86
926
330
492
833
655
607
308
843
484
667
609
751
464
481
423
135
767
880
85
4
842
520
446
322
297
81
322
437
79
464
590
254
203
901
764
536
242
730
771
594
712
535
540
407
350
345
148
309
657
170
748
776
83
328
268
446
762
558
396
404
819
353
487
852
175
449
591
794
429
416
772
293
737
136
14
328
485
151
819
337
120
64
653
784
831
67
663
388
639
109
935
442
599
622
460
469
400
393
9
850
661
809
369
475
24
398
797
197
120
978
629
771
473
366
125
200
413
681
564
103
677
506
189
841
331
462
129
382
772
700
453
298
410
32
20
985
929
284
496
839
332
982
192
428
152
695
108
275
190
275
696
324
671
682
545
782
270
698
292
96
672
972
183
165
240
76
293
971
721
862
497
237
571
827
283
605
945
59
502
123
915
529
169
963
131
746
656
387
586
628
555
535
332
135
34
381
686
955
529
76
485
687
154
794
889
654
27
942
396
201
501
386
259
968
229
204
261
693
651
334
859
346
900
871
836
284
576
16
683
972
85
756
366
75
699
66
37
284
729
340
276
56
794
943
805
594
61
588
250
346
287
563
202
56
685
706
176
598
153
726
930
467
262
139
849
242
314
759
251
517
663
890
574
385
813
450
55
129
255
725
872
51
292
698
549
366
335
947
929
318
93
950
938
850
229
337
538
545
995
878
432
543
338
604
682
487
308
534
281
640
488
297
772
711
160
386
856
74
964
159
651
554
99
195
109
695
982
73
484
769
323
550
885
811
800
890
593
724
186
987
862
700
104
245
116
783
642
227
29
848
251
638
13
263
209
633
750
890
930
927
918
688
341
919
448
991
837
232
222
21
599
849
608
533
996
511
614
949
526
918
466
81
64
280
993
60
240
940
708
732
718
137
478
142
385
998
889
15
332
864
373
52
73
284
154
564
201
773
538
786
254
899
554
612
746
956
607
752
697
523
639
534
907
824
41
167
736
570
148
718
9
570
121
156
991
714
561
700
807
537
948
795
887
884
926
804
627
32
472
18
311
648
340
880
340
72
915
833
41
343
692
355
391
102
69
535
808
576
467
304
406
469
357
647
941
625
636
787
540
6
465
999
917
941
48
274
360
827
894
784
47
765
377
653
18
138
792
808
102
512
93
343
271
931
161
582
392
44
796
53
875
596
136
482
215
357
202
296
127
753
112
25
719
246
398
110
43
154
330
634
780
973
61
760
302
351
918
84
543
164
423
717
716
574
783
320
997
366
585
222
266
901
693
404
402
771
276
62
895
780
662
586
451
745
502
349
632
990
38
929
519
617
272
783
262
486
325
335
44
979
942
245
513
817
183
340
843
285
88
247
19
353
686
330
511
745
393
685
6
851
822
675
836
490
521
375
325
606
80
871
593
373
799
534
451
688
429
929
192
243
564
431
301
52
601
61
279
688
138
342
968
51
540
668
210
358
151
431
363
615
891
230
90
880
528
154
102
294
546
503
127
357
877
88
707
176
582
609
449
191
316
511
144
338
963
160
610
401
243
371
26
362
982
915
82
906
138
986
919
411
55
80
714
873
295
487
69
229
128
4
640
449
684
230
877
543
388
60
653
37
435
473
154
436
575
368
175
475
547
902
585
692
942
173
926
565
6
493
892
383
894
624
679
160
532
887
998
304
635
535
336
339
366
878
938
669
766
25
101
541
541
510
84
613
979
632
850
279
882
642
578
135
801
129
276
882
663
961
501
607
898
347
385
322
151
456
476
551
538
152
259
575
860
152
290
752
79
382
288
171
665
635
615
876
311
305
213
426
709
646
97
802
516
898
120
536
774
452
70
912
477
764
639
697
429
120
130
481
814
417
31
489
459
76
441
561
711
835
105
821
396
191
261
29
281
161
102
276
751
73
855
407
131
107
847
537
752
901
144
199
783
985
184
830
950
546
868
815
633
538
865
442
503
836
191
246
553
259
499
950
538
724
508
315
451
3
708
576
712
721
222
447
445
135
537
825
993
78
237
131
449
528
121
706
213
557
344
253
338
666
819
646
391
674
431
115
191
507
18
962
182
373
993
326
705
589
270
504
361
554
417
852
194
76
544
122
885
252
352
217
465
403
591
60
751
328
264
328
683
933
99
515
319
966
871
464
973
134
182
933
921
276
61
249
782
440
140
56
462
354
719
967
233
586
953
33
402
534
624
583
721
367
191
59
38
288
554
31
86
903
995
902
860
451
781
506
801
437
253
59
33
506
108
605
912
727
106
828
820
467
498
544
718
947
29
26
683
269
483
337
880
848
603
657
951
935
802
29
887
784
331
665
984
979
830
716
508
106
168
952
515
201
711
355
817
736
266
704
688
514
63
164
715
819
333
846
143
790
450
754
841
912
961
961
164
98
454
355
496
847
66
963
815
180
258
110
331
505
95
542
332
199
360
878
375
399
391
777
91
324
44
416
450
790
360
453
470
930
742
45
824
369
64
849
278
776
731
589
74
123
940
14
525
96
768
95
273
612
876
41
581
308
515
340
257
510
324
441
757
371
272
620
632
182
705
250
979
20
518
779
409
488
458
272
903
88
666
136
586
12
940
524
84
668
940
65
166
748
416
715
866
981
555
410
781
215
817
266
357
64
519
753
582
900
362
317
514
750
806
675
19
544
238
319
646
326
835
174
57
394
652
536
67
324
419
665
173
232
669
425
424
135
111
669
397
527
197
999
55
785
543
58
212
804
234
5
200
25
100
157
650
183
61
299
672
480
601
585
159
581
572
752
127
119
302
840
969
344
633
316
583
446
988
423
869
202
406
262
339
585
889
231
274
799
195
957
688
129
931
15
374
46
680
587
437
756
126
749
130
993
970
211
273
68
702
444
60
244
121
871
675
267
219
793
318
394
888
513
643
381
513
411
624
866
171
765
625
83
215
766
223
127
134
251
571
455
931
946
907
213
456
936
720
543
423
410
162
745
60
728
710
743
102
457
716
344
519
377
671
367
100
486
646
531
624
808
261
322
193
757
349
499
519
322
853
543
576
433
886
994
614
997
273
253
938
212
521
855
457
307
350
909
205
37
949
795
446
380
214
854
317
553
417
670
712
943
607
36
78
790
87
65
948
469
923
807
578
339
490
754
870
644
968
772
805
188
85
665
191
991
750
942
586
885
460
498
14
935
597
782
38
107
350
518
89
161
503
426
92
576
723
472
914
10
474
254
914
17
103
352
259
205
549
284
194
26
515
721
142
795
16
820
778
239
518
412
520
870
889
354
700
309
746
980
425
779
295
311
432
541
614
523
345
568
21
96
189
411
123
658
588
746
143
525
160
11
544
407
887
999
970
964
350
466
894
975
677
250
497
111
233
478
985
72
525
913
631
617
776
826
613
331
573
85
791
550
123
318
38
629
796
756
985
341
45
328
871
488
488
837
400
921
358
369
272
698
382
793
990
591
624
503
850
14
153
516
419
829
265
460
995
956
991
451
502
851
578
696
555
411
801
235
688
709
440
473
465
203
954
975
470
911
565
283
740
920
543
834
638
883
969
114
324
336
588
588
234
328
747
700
605
774
560
91
483
325
433
72
209
137
156
499
434
27
551
337
242
760
507
743
75
637
642
321
471
182
757
623
864
597
203
756
814
678
317
103
760
730
397
691
258
612
979
328
864
993
847
93
930
73
15
560
467
392
768
673
800
184
291
260
491
20
212
375
133
82
946
9
341
627
834
235
453
445
222
412
900
907
367
218
291
656
986
807
158
397
991
8
896
509
2
682
68
902
319
654
741
152
340
497
671
857
208
583
782
454
781
338
75
219
861
816
395
587
973
951
150
108
804
602
42
532
503
653
763
745
553
351
604
68
173
149
58
274
286
578
755
498
72
118
103
109
631
257
459
274
119
896
555
649
623
712
69
11
9
287
814
366
69
387
158
758
417
197
666
660
563
119
182
969
295
47
934
571
389
346
224
918
875
513
258
238
294
738
684
347
65
512
282
24
88
492
175
537
477
811
151
720
505
552
708
828
759
568
70
969
120
452
876
968
811
944
681
601
802
399
728
551
701
192
786
707
150
919
723
616
233
668
73
255
510
766
342
825
955
125
443
322
314
261
922
960
112
407
563
857
546
796
361
560
233
242
438
27
580
654
247
243
219
543
741
38
918
166
336
166
829
267
72
875
325
102
546
643
248
878
811
795
802
404
527
90
240
964
443
852
706
823
657
28
247
135
66
89
511
869
109
591
632
438
391
735
109
548
106
618
45
280
416
743
695
511
80
596
413
204
402
738
736
68
335
683
622
478
46
224
916
642
28
634
97
196
900
48
157
86
613
615
325
722
837
499
149
703
750
909
572
867
128
918
475
47
835
314
611
316
701
611
152
53
1
281
864
119
616
869
122
642
985
532
36
126
206
225
24
919
397
60
741
242
153
360
866
791
959
79
471
611
54
489
273
647
960
884
153
928
218
764
726
731
81
52
625
349
290
127
739
883
530
562
596
756
45
683
541
166
227
753
703
285
937
648
913
333
711
723
756
643
958
57
141
319
516
352
253
5
385
596
267
178
265
785
64
33
953
608
4
593
292
535
243
862
25
702
452
205
953
499
688
546
667
324
809
538
724
939
819
700
114
949
620
406
999
91
801
948
309
95
959
805
78
465
881
760
174
622
743
224
681
721
357
924
607
626
989
989
935
24
271
709
933
766
251
727
546
491
239
910
339
503
254
215
890
979
29
711
839
330
258
532
481
5
682
907
291
585
583
162
826
385
932
180
169
249
610
541
594
965
323
607
497
957
552
910
184
477
294
84
321
698
316
826
131
749
250
490
733
489
514
242
22
697
917
643
873
674
270
572
181
212
360
460
88
921
815
796
412
121
909
253
260
398
781
162
948
635
472
106
396
227
712
613
348
1
702
426
102
76
434
190
273
54
579
102
815
800
528
275
496
44
63
653
108
652
810
997
509
419
566
304
183
889
673
103
244
472
826
94
921
701
594
797
199
551
32
284
720
581
888
202
932
205
272
705
761
773
314
74
637
563
64
119
55
485
450
860
247
793
864
562
38
710
418
649
2
887
335
399
537
85
971
590
820
544
693
775
543
30
38
875
967
324
981
643
485
599
25
112
934
589
210
724
311
722
709
774
531
86
908
938
382
916
943
52
139
47
797
324
616
363
359
48
46
665
750
96
665
460
666
653
731
505
940
558
679
330
936
523
350
328
930
610
172
341
282
302
541
321
1
732
306
851
462
493
411
179
589
892
722
168
166
561
142
559
752
54
835
611
915
613
981
644
913
637
90
253
915
227
815
737
59
694
179
330
83
157
261
282
575
962
60
307
821
298
402
433
488
194
717
121
845
878
278
263
574
247
675
905
819
741
856
239
62
565
517
923
911
430
219
470
853
905
273
996
347
314
935
228
272
602
229
15
653
318
907
865
29
48
717
367
784
254
436
834
645
131
108
423
64
939
516
58
460
322
492
220
266
521
735
776
719
76
156
981
243
358
313
547
121
117
733
910
367
949
610
898
382
28
943
346
752
456
276
548
585
686
48
714
35
813
547
276
808
754
980
148
348
29
252
947
139
802
411
354
713
966
204
931
538
829
654
275
643
869
761
339
768
620
597
835
358
938
880
533
159
749
405
84
183
156
457
416
982
275
578
1
412
126
130
826
93
368
711
318
373
970
581
204
864
374
851
353
949
393
607
496
633
703
978
799
817
458
919
525
768
585
509
611
922
886
214
107
863
678
185
994
873
991
882
902
960
442
699
961
135
537
886
821
874
736
286
153
678
951
323
813
357
765
705
217
199
786
616
134
206
1
67
894
554
755
941
149
554
704
52
555
264
247
971
188
599
956
45
791
549
130
782
224
231
119
738
812
663
342
287
949
409
838
251
982
587
403
930
405
812
828
630
110
489
464
336
915
930
731
837
422
295
842
624
738
211
847
258
899
975
362
581
147
846
708
886
785
916
490
480
159
60
257
710
409
618
53
673
299
181
357
315
120
541
48
635
593
930
127
466
826
808
50
163
346
279
777
429
690
727
148
825
115
301
956
929
398
683
717
879
705
187
209
72
900
285
36
30
53
769
841
152
258
463
355
154
321
300
654
437
861
256
95
944
620
316
113
794
277
928
527
637
830
358
384
449
241
841
680
429
568
149
769
257
386
815
255
421
758
219
583
575
191
202
662
220
911
918
466
154
151
900
82
10
998
213
968
393
640
614
474
298
24
943
426
71
130
562
622
102
729
92
572
517
38
1
382
727
617
889
201
105
427
815
637
823
868
750
557
201
317
822
614
643
786
857
823
596
642
415
285
727
890
223
511
712
197
105
134
746
139
850
989
449
834
295
982
385
800
593
919
243
499
977
165
146
59
378
998
535
397
45
599
798
421
25
691
323
1
761
675
839
207
974
850
907
304
914
878
35
652
70
651
552
896
824
913
169
326
420
152
520
887
245
171
929
288
335
46
199
932
685
327
158
14
917
207
781
238
42
433
902
609
169
616
849
341
347
917
465
498
771
693
294
900
348
379
354
99
958
742
763
247
210
952
721
978
604
131
563
483
629
318
336
236
583
156
362
304
328
167
347
397
600
488
128
113
499
816
290
111
852
194
888
448
