999
205
475
498
210
591
549
465
817
266
906
75
639
611
785
209
637
779
903
820
822
214
987
136
520
144
658
21
502
185
988
210
921
302
454
564
974
871
614
325
692
851
342
395
155
52
95
400
667
496
492
402
385
988
802
440
51
943
418
51
726
871
107
932
969
241
552
131
862
354
168
969
475
885
718
503
103
831
390
34
508
178
350
744
180
930
955
904
193
1
31
458
92
20
427
106
894
581
905
939
173
222
803
230
692
922
626
408
160
693
197
395
816
215
104
392
972
126
955
658
970
414
619
584
629
463
321
693
769
429
161
591
380
352
741
860
98
69
517
732
225
784
381
899
752
291
369
802
405
905
406
712
294
518
576
348
358
610
919
192
68
737
917
918
281
28
865
640
891
344
278
867
473
243
455
628
64
403
321
814
635
22
688
64
116
963
371
223
449
641
575
613
665
878
399
453
827
961
866
463
99
411
200
532
384
620
503
344
267
686
123
393
687
153
41
138
636
812
270
720
248
235
230
204
284
410
779
671
21
21
748
551
853
277
715
196
72
272
51
566
291
988
823
379
162
697
322
265
430
310
540
110
125
117
515
796
598
270
662
722
359
650
124
355
778
340
478
709
151
125
666
945
279
486
102
430
365
415
143
230
275
154
965
465
314
964
427
491
254
805
443
475
34
412
285
857
952
983
591
845
625
752
834
953
669
511
581
549
966
556
34
415
872
21
441
888
765
996
117
470
213
501
79
552
922
983
349
796
432
721
718
101
928
882
293
190
292
841
222
751
658
647
486
153
215
972
3
738
677
384
559
121
911
936
763
354
875
674
986
394
748
190
744
839
759
842
234
134
706
413
487
490
817
461
577
886
992
593
210
779
265
782
813
416
624
9
246
368
850
977
331
329
96
835
752
558
694
96
396
592
714
547
613
660
502
477
913
211
733
83
329
790
997
455
862
325
148
907
953
966
460
56
383
547
210
103
466
859
194
987
727
267
911
673
912
778
157
718
683
986
316
639
874
615
240
677
366
586
392
400
118
413
41
911
191
963
404
613
571
876
794
517
920
652
442
724
798
395
257
508
307
668
604
272
814
812
945
670
955
65
497
822
719
705
992
917
217
431
885
7
918
273
940
194
960
546
710
64
217
105
74
457
93
971
547
123
785
603
394
956
9
579
603
308
678
887
926
752
129
237
52
806
55
841
460
148
352
970
446
789
455
278
405
150
956
937
249
61
588
263
86
202
793
446
147
556
643
714
752
103
851
937
662
537
605
614
186
247
370
375
903
201
681
643
119
995
336
843
87
508
617
680
740
602
449
755
28
413
357
832
444
204
572
40
779
21
117
470
222
506
653
613
748
45
362
14
272
999
169
364
787
7
364
527
687
279
517
3
29
739
564
525
99
74
611
415
309
425
29
253
896
510
540
154
728
946
287
455
497
312
607
904
951
832
144
606
503
205
289
460
152
342
369
734
869
703
563
325
409
402
340
525
625
297
575
296
693
125
56
684
611
467
224
60
465
838
344
25
183
103
520
409
32
452
942
885
761
208
411
950
188
288
553
603
834
307
744
592
845
910
930
54
452
646
470
457
479
470
980
182
241
237
924
704
162
642
761
838
287
69
15
79
516
189
357
359
64
13
228
846
158
892
950
581
370
48
338
899
837
847
772
968
208
354
614
66
724
56
845
583
82
41
541
454
208
562
226
973
406
997
671
743
389
737
89
836
67
652
358
616
410
690
261
466
754
978
998
410
426
904
503
877
936
143
93
934
830
135
167
223
695
555
568
131
567
138
291
189
773
960
288
104
775
894
753
744
783
641
765
670
37
988
410
944
293
849
815
346
910
742
552
38
818
979
767
230
735
588
174
868
786
830
341
806
157
261
14
174
213
942
986
262
791
307
721
622
407
394
306
739
548
530
223
84
577
984
154
140
845
810
613
167
589
676
969
65
912
597
619
114
27
108
825
267
194
20
134
225
778
846
839
159
81
496
299
93
562
497
310
527
379
403
447
725
569
326
737
396
835
871
188
147
71
531
291
633
608
425
643
93
234
623
433
568
208
281
559
510
928
504
186
21
729
948
247
602
831
938
568
137
5
880
176
513
540
588
384
188
558
104
644
683
963
593
997
496
415
131
721
347
247
160
936
852
291
996
934
397
774
615
534
835
869
80
571
570
916
192
477
661
828
821
718
114
518
378
587
219
778
416
832
182
923
460
864
996
659
302
572
875
458
80
558
654
555
392
223
267
341
671
182
380
117
164
822
543
477
499
190
274
