9999
42
486
341
527
189
740
490
388
989
489
711
174
305
844
971
492
998
954
832
442
424
619
906
154
293
395
439
735
738
915
453
748
786
550
871
932
693
326
53
904
732
835
354
364
691
669
157
719
282
875
573
672
695
790
58
872
732
751
557
779
329
39
213
844
289
137
50
951
284
671
474
829
906
736
395
366
22
133
418
552
649
636
109
974
775
852
971
384
945
335
961
472
651
335
543
560
135
85
952
558
838
147
644
688
727
940
991
309
705
409
27
774
951
92
277
835
804
589
103
529
11
304
171
655
378
792
679
590
36
65
378
152
958
746
980
434
139
222
26
349
473
300
781
394
960
918
242
768
246
607
429
971
534
44
430
198
901
624
781
657
428
366
652
558
570
490
623
46
606
375
302
867
384
32
601
46
376
223
688
509
290
739
54
2
445
966
907
792
146
468
732
908
673
506
825
424
325
624
836
524
324
624
954
469
621
255
536
588
821
334
231
20
850
642
5
735
199
506
97
358
554
589
344
513
456
226
472
625
601
816
813
297
609
819
38
185
493
646
557
305
45
204
209
687
966
198
835
911
176
523
219
637
297
76
349
669
389
891
894
462
899
163
868
418
903
31
333
670
32
705
561
505
920
414
81
723
603
513
25
896
879
703
415
799
271
440
8
596
207
296
116
458
646
781
842
963
174
157
747
207
996
361
371
721
447
566
438
566
449
522
176
79
740
757
156
436
296
23
704
542
572
455
886
962
194
219
301
437
315
122
513
299
468
760
133
713
348
692
792
276
318
380
217
74
913
819
834
966
318
784
350
578
670
11
482
149
220
243
137
164
541
471
185
477
57
681
319
466
271
45
181
540
750
670
200
322
479
51
171
33
806
915
976
399
213
629
504
419
324
850
364
900
397
180
845
99
495
326
526
186
791
303
765
671
210
999
106
489
243
635
807
104
558
628
545
926
35
3
75
196
35
460
523
621
748
45
501
143
240
318
78
908
207
369
436
6
285
200
236
864
731
786
915
672
293
563
141
708
698
646
48
128
603
716
681
329
389
489
683
616
875
510
20
493
141
176
803
106
92
928
20
762
203
336
586
258
56
781
172
115
890
104
595
491
607
489
628
653
635
960
449
549
909
977
124
621
741
275
206
558
266
269
209
125
36
347
41
802
418
573
175
542
820
939
219
785
945
872
681
843
931
731
977
596
374
21
489
202
85
446
306
773
377
327
484
114
135
902
821
873
475
451
7
412
425
547
143
733
848
389
79
380
842
500
577
240
628
367
535
371
367
295
893
391
909
36
647
123
730
715
597
66
448
154
254
570
566
941
319
885
66
979
588
764
661
989
479
384
555
966
610
486
912
647
78
871
680
951
226
165
778
518
764
196
481
843
225
888
628
966
221
815
874
416
302
724
206
747
639
561
562
995
187
731
969
559
897
301
428
658
875
880
156
474
639
908
445
711
754
462
325
686
51
323
876
93
831
611
19
947
141
726
183
855
61
515
714
110
517
592
17
161
373
334
670
767
67
270
336
768
204
613
290
194
532
833
799
629
322
4
567
586
587
659
474
571
156
272
841
204
622
84
236
692
222
17
850
607
416
775
673
455
56
89
86
805
514
995
294
871
637
504
243
686
712
366
20
194
517
259
177
568
627
934
599
711
850
242
751
231
980
541
304
434
120
259
598
662
974
882
936
87
567
741
564
697
771
278
528
999
318
960
868
559
269
534
347
898
611
352
154
497
180
113
599
793
931
121
438
531
612
996
30
571
29
565
373
91
946
650
432
490
55
686
590
354
609
93
243
760
984
909
161
691
957
856
452
646
749
95
541
804
54
259
201
46
863
655
236
764
943
363
290
791
949
970
342
759
437
47
376
33
572
506
603
525
982
366
84
931
159
228
970
98
447
621
200
454
437
712
647
842
395
124
582
53
751
171
845
1
265
659
960
869
503
357
37
133
249
859
640
14
670
191
710
652
668
656
904
364
438
466
23
270
256
460
320
651
330
271
149
136
330
218
137
53
230
102
340
875
75
180
393
280
915
680
673
936
917
565
518
973
284
667
705
223
408
930
835
389
882
280
28
642
995
34
967
791
531
405
718
339
705
595
735
944
57
417
493
241
521
971
963
500
517
295
962
898
59
715
985
291
133
232
580
823
349
43
243
318
111
956
102
731
509
799
389
845
977
548
134
681
128
924
97
789
2
151
986
718
140
19
954
806
725
385
29
210
803
208
77
887
996
73
345
890
180
310
201
846
686
645
679
601
313
698
691
111
127
262
694
530
706
872
451
414
835
823
524
754
695
117
709
984
342
692
28
674
736
71
339
436
920
903
142
965
778
794
452
559
811
281
328
608
939
332
505
14
158
657
139
836
89
580
303
315
27
182
56
371
723
249
499
726
137
145
456
966
747
734
3
54
295
487
257
450
946
877
677
531
515
218
470
660
171
35
148
411
51
929
658
488
609
838
103
858
322
615
286
820
371
469
896
541
344
580
771
577
359
416
450
917
854
865
843
255
454
942
659
230
545
951
590
163
188
657
696
793
384
786
415
170
723
973
210
589
647
691
91
540
533
476
631
549
248
583
906
474
577
991
176
555
562
487
331
955
379
348
948
921
757
353
356
280
406
644
745
193
623
969
155
508
351
15
354
626
693
980
634
599
301
93
162
392
681
203
886
850
425
580
256
655
204
838
944
644
943
310
428
571
809
593
233
482
617
612
76
176
910
91
523
331
715
583
605
175
204
986
386
58
295
446
539
433
805
788
941
576
187
417
511
770
875
366
917
284
465
475
979
848
149
573
599
799
631
226
622
958
360
755
484
14
684
463
442
918
772
973
433
420
910
241
771
461
210
516
324
959
951
833
175
719
379
710
809
561
587
6
451
27
302
249
361
379
612
975
736
1
41
791
230
143
215
880
510
934
329
493
697
985
655
542
693
691
100
14
229
791
845
735
456
887
708
630
722
39
420
551
518
193
269
262
470
335
524
859
154
114
674
178
204
456
885
682
493
288
731
813
653
498
993
853
926
471
183
891
796
703
379
383
607
832
240
32
212
612
190
330
55
342
211
70
934
497
672
561
657
261
221
870
809
308
745
619
477
136
453
847
739
507
882
890
949
883
267
773
643
617
487
664
90
789
828
299
509
455
372
108
594
388
841
369
344
75
937
522
446
864
773
737
830
611
849
914
15
336
382
381
276
816
615
262
659
450
545
216
268
501
267
677
38
868
190
117
832
679
533
871
499
662
921
228
874
1
723
924
798
601
944
577
344
501
900
548
492
544
500
200
281
37
562
850
842
529
788
548
572
824
820
406
224
563
600
7
3
287
74
214
622
519
840
308
810
589
592
171
439
516
160
453
937
82
391
36
995
219
484
522
386
640
211
87
736
624
39
790
68
903
195
700
730
952
478
744
959
820
865
407
476
636
915
602
157
685
208
60
402
617
248
521
24
679
242
901
275
527
790
118
651
113
304
926
694
189
593
84
605
763
22
753
106
998
681
701
781
920
796
581
97
622
179
255
959
522
179
61
203
979
931
755
657
997
147
463
609
544
644
946
880
807
485
935
155
724
101
825
976
884
661
79
237
560
497
258
191
972
207
403
211
114
69
93
516
271
591
100
895
155
616
979
448
171
6
503
775
156
337
879
237
300
35
460
905
384
551
887
842
659
239
190
712
486
328
545
383
467
233
656
299
785
220
453
694
495
459
31
644
865
283
789
380
516
872
454
112
468
212
129
761
837
314
308
48
480
963
152
337
145
388
776
889
24
87
263
929
646
645
917
162
246
752
709
946
704
457
816
986
214
876
390
722
584
593
269
480
303
552
378
183
292
702
129
662
483
180
532
991
115
490
386
256
917
688
814
405
63
993
330
189
447
668
305
224
605
965
209
199
185
400
714
52
718
545
803
140
3
981
8
639
20
643
688
178
924
954
110
147
415
215
797
501
219
433
731
290
829
443
92
319
584
333
275
396
458
210
522
365
845
103
458
160
302
279
698
905
338
343
622
690
407
776
52
433
6
543
555
69
410
363
303
679
185
107
601
998
772
514
226
511
500
477
681
764
127
100
115
539
252
968
803
877
115
660
347
616
108
97
883
433
727
989
255
244
92
797
58
563
946
803
684
272
680
964
98
390
886
728
862
706
985
474
731
76
833
573
166
608
850
913
451
383
584
908
984
102
838
808
234
519
91
346
89
68
525
748
555
495
798
117
889
359
84
424
708
978
687
146
612
494
186
344
416
242
11
35
155
467
781
69
743
22
940
537
258
45
396
741
724
668
304
339
772
173
917
309
663
2
224
135
816
680
690
656
762
58
62
4
50
280
104
432
830
751
257
95
237
673
883
774
501
21
69
596
509
351
280
345
547
687
15
621
735
301
963
251
499
204
613
979
983
804
12
276
156
511
224
63
91
948
799
10
805
987
984
13
125
819
592
672
138
704
459
12
549
611
233
847
859
380
572
50
294
830
738
504
612
633
252
209
716
791
384
331
386
729
569
439
469
629
496
758
38
844
181
39
64
397
747
295
902
610
667
826
740
270
340
145
313
371
178
629
628
248
99
746
14
333
763
252
615
160
865
992
475
824
625
756
510
366
985
164
712
242
652
248
910
764
499
952
400
304
859
741
571
88
634
193
83
411
134
748
463
709
792
292
302
688
867
150
143
750
47
152
598
748
106
577
818
77
923
802
436
139
585
890
913
206
103
728
817
497
72
355
338
307
997
96
595
202
803
522
243
908
57
81
692
929
33
201
498
697
146
501
13
105
663
545
649
24
842
738
862
853
594
424
987
903
25
970
859
258
357
705
716
523
167
698
355
907
662
432
412
839
722
176
944
156
430
897
394
287
217
732
888
666
743
228
589
377
45
607
819
274
477
458
894
203
553
77
569
533
647
109
49
244
235
79
73
572
645
468
993
465
415
543
992
846
983
567
539
527
53
622
830
392
934
458
332
279
817
413
144
777
667
593
319
972
91
589
260
359
894
501
114
755
251
733
296
631
10
369
663
282
67
355
668
480
328
716
10
13
584
427
912
142
27
374
759
217
723
212
199
47
389
965
849
477
362
385
945
979
736
82
411
94
532
472
736
131
81
160
533
584
107
169
734
247
855
63
133
90
390
572
802
489
761
754
519
875
413
509
111
380
705
82
57
537
120
565
860
860
40
248
933
502
657
609
493
644
906
198
226
630
371
825
212
667
874
886
664
921
291
440
790
42
283
867
699
917
921
749
894
712
279
761
66
400
939
645
98
6
160
42
650
604
176
649
192
884
414
308
454
711
509
637
204
103
262
466
664
857
661
65
917
653
295
7
811
236
479
299
682
330
19
183
442
899
734
647
732
572
888
685
682
264
407
684
798
621
857
227
499
311
280
77
430
176
612
814
275
292
28
517
5
141
711
531
464
131
206
548
847
484
634
413
764
126
948
492
645
587
512
625
181
754
549
678
559
498
577
942
388
777
758
772
449
288
95
727
404
38
772
404
579
301
811
210
946
168
121
694
240
708
693
660
506
990
264
883
659
161
962
670
906
624
475
462
624
144
445
733
173
884
439
395
991
827
405
721
896
984
339
252
703
823
690
59
502
944
842
834
107
433
767
606
610
491
203
507
164
607
868
837
907
459
41
822
374
993
27
115
506
97
439
847
583
691
421
670
17
669
131
196
104
107
414
282
705
760
393
157
528
302
893
451
569
876
833
916
443
653
910
485
894
950
287
292
51
799
827
869
523
940
798
160
279
698
350
351
23
740
320
980
598
377
73
113
946
178
300
827
737
587
717
51
4
915
170
719
701
559
76
957
123
262
140
840
884
850
648
398
217
665
287
676
884
105
787
483
250
924
546
638
223
301
132
155
403
88
401
190
757
506
957
160
740
458
674
679
597
731
8
728
969
891
19
467
121
685
41
153
517
8
306
947
290
822
66
668
686
688
120
887
65
900
290
625
922
81
947
842
720
633
549
972
787
701
466
99
266
841
461
233
810
241
335
287
152
908
54
183
869
662
90
921
893
930
113
430
48
208
129
422
781
773
423
688
798
705
805
844
902
622
104
762
216
563
17
109
51
637
455
620
398
279
699
127
940
506
95
373
112
441
613
830
333
293
999
356
559
834
637
500
841
801
247
103
46
838
557
990
449
815
656
22
338
135
960
64
528
863
726
781
540
707
819
412
153
861
278
184
652
348
588
189
114
77
596
940
436
657
791
38
440
971
268
757
384
151
513
16
602
962
125
504
983
457
792
31
443
870
82
101
481
428
709
557
381
273
679
291
550
533
772
475
536
762
125
920
454
971
421
593
533
492
431
517
515
469
404
277
431
636
57
365
477
183
675
977
526
538
251
490
773
905
786
659
478
765
687
531
291
169
571
730
119
261
412
719
634
43
346
68
369
402
478
158
497
845
788
946
657
745
289
802
120
339
337
67
32
486
241
732
862
37
479
287
978
807
659
736
67
408
340
643
135
336
641
186
819
973
174
885
708
695
799
14
225
122
559
502
386
954
895
793
362
397
281
446
160
591
589
519
959
912
329
170
432
129
471
79
351
851
983
344
638
309
609
836
151
468
9
493
358
527
387
309
409
194
142
320
934
597
443
942
889
36
485
937
987
999
515
596
823
885
393
391
431
236
175
710
583
319
868
691
185
481
277
797
245
699
50
142
597
339
690
407
54
179
601
763
553
689
345
816
391
10
603
626
494
651
774
397
637
737
946
278
933
624
148
501
739
307
418
870
470
851
618
837
879
869
297
187
307
67
360
147
234
482
439
570
264
451
711
383
46
712
273
355
294
883
211
991
185
539
885
991
899
895
545
484
814
558
818
274
652
523
582
320
161
86
154
271
596
861
715
483
974
159
106
950
180
515
104
561
698
839
516
314
258
558
614
322
732
422
634
815
815
776
859
191
598
127
421
299
977
229
540
834
208
714
728
19
932
700
684
230
25
780
396
973
939
50
790
651
534
962
240
129
648
269
864
143
605
841
343
153
116
429
565
498
158
946
447
837
317
541
639
940
930
58
242
228
766
907
266
297
343
806
555
454
32
566
696
280
460
385
646
654
943
59
994
863
263
541
794
809
323
270
78
762
12
489
590
263
586
191
456
210
309
307
124
356
64
364
76
36
70
42
81
750
821
643
857
442
384
715
926
663
365
641
336
90
883
622
5
588
667
687
605
865
406
139
316
725
875
478
354
165
964
420
223
513
931
429
8
673
808
206
628
853
284
733
974
42
790
727
274
837
708
508
178
862
834
305
927
979
19
650
899
349
300
51
273
940
883
991
925
319
646
878
504
557
145
352
778
262
999
201
611
971
30
887
66
527
618
531
176
258
269
948
912
197
458
195
258
752
511
230
113
466
238
123
586
876
636
28
158
719
606
561
256
873
778
588
985
710
406
71
307
827
231
165
617
38
642
833
28
397
673
366
699
327
342
52
335
643
476
415
348
108
127
854
71
554
924
297
479
385
874
899
991
877
332
417
458
928
485
475
259
646
652
549
242
841
947
704
429
607
2
94
210
645
105
52
144
547
865
24
912
654
720
319
123
725
424
947
911
650
41
952
53
998
759
853
915
471
665
647
378
49
579
368
827
78
908
249
589
913
422
305
79
740
269
755
22
12
185
723
872
111
191
423
935
874
328
477
927
203
332
967
112
770
798
668
313
274
731
266
946
635
241
602
193
995
470
163
32
701
516
38
865
539
841
372
656
221
315
943
705
950
611
280
590
301
275
150
400
425
192
48
177
26
393
301
697
894
898
16
124
485
946
507
838
295
921
805
992
311
905
502
104
551
788
324
194
94
248
892
850
254
931
266
470
515
175
112
258
238
952
117
291
381
428
274
162
657
987
257
147
741
907
725
200
168
376
364
930
126
582
100
848
602
420
515
839
666
906
872
768
749
257
593
954
727
539
805
237
633
222
385
941
234
556
113
301
488
710
988
433
502
769
504
806
439
150
117
324
962
136
143
542
680
862
296
559
990
681
95
685
753
428
771
31
436
710
88
934
723
354
513
158
850
324
958
556
58
839
915
785
613
34
609
123
807
641
2
974
562
282
259
154
77
437
724
688
121
52
799
255
414
693
976
786
724
984
444
961
479
33
882
514
354
196
683
78
27
894
412
694
157
395
141
516
582
505
279
16
782
290
521
241
21
342
941
827
1
717
463
305
246
496
512
823
643
645
701
996
367
146
155
39
617
896
707
869
977
712
990
740
644
760
450
696
532
734
899
612
286
712
648
100
28
824
826
850
665
626
923
696
777
145
581
553
907
289
650
737
94
365
743
12
655
820
511
851
60
932
463
498
105
185
154
80
417
834
770
359
931
11
936
220
533
266
368
606
319
900
986
469
86
593
744
6
885
853
354
360
443
825
773
68
512
774
59
803
534
171
613
938
874
495
252
233
234
508
516
194
68
85
661
634
39
754
728
924
931
869
151
100
44
923
293
527
687
346
769
60
422
899
951
3
855
800
305
227
605
296
354
136
694
17
739
33
556
226
552
992
717
501
400
776
349
964
211
711
531
391
413
57
251
516
507
788
158
673
856
517
98
280
133
275
863
701
214
687
170
217
999
862
889
8
926
319
971
709
243
275
474
422
248
430
115
937
323
361
591
285
794
848
886
334
828
682
168
365
603
45
337
155
578
209
219
674
878
80
650
945
828
300
470
980
651
441
32
307
572
8
691
632
728
385
671
356
343
654
523
61
148
380
438
498
920
533
803
207
129
240
48
86
529
496
595
33
729
773
345
393
147
841
517
335
595
519
278
872
304
307
369
66
16
188
781
525
584
762
65
742
677
602
551
566
437
393
54
566
911
139
324
988
71
801
252
241
456
469
655
831
862
388
473
881
701
994
196
143
654
245
751
37
47
997
272
847
965
550
973
597
153
273
364
312
888
53
207
21
296
673
479
208
494
266
724
238
19
945
639
82
537
159
534
674
285
79
650
819
53
148
10
166
933
335
183
206
669
381
416
371
27
999
351
800
803
335
538
885
912
214
794
698
565
306
809
866
368
324
47
391
764
994
738
537
57
111
823
938
610
801
639
212
86
140
395
435
115
616
457
3
650
199
66
771
598
910
301
644
193
438
350
900
889
721
864
401
655
210
857
204
831
152
760
690
632
611
261
161
881
154
347
992
821
922
584
508
618
223
455
267
982
551
972
709
542
187
615
273
182
469
776
519
977
97
389
179
952
554
325
51
479
218
597
281
748
233
208
139
334
721
842
619
87
416
652
206
361
472
944
93
17
348
600
629
220
523
661
72
659
137
886
6
11
901
125
322
69
2
917
917
977
505
762
210
579
213
851
200
711
884
130
225
265
732
873
100
55
145
635
792
887
149
571
149
502
726
170
193
352
328
820
528
107
699
236
971
658
346
160
130
680
757
575
659
956
931
263
924
300
501
895
786
99
209
728
431
105
236
498
995
291
535
947
674
6
458
11
463
248
643
87
657
86
247
810
12
846
681
565
324
503
955
752
923
479
956
435
225
695
800
601
857
702
569
254
486
481
755
358
670
196
159
271
468
863
535
686
322
215
143
298
538
735
695
39
301
339
259
489
332
877
215
494
532
128
204
823
920
867
791
276
200
477
372
277
876
880
31
181
855
466
701
105
38
990
535
317
40
315
209
18
176
775
699
918
397
36
37
460
757
422
394
484
86
788
787
390
817
523
364
1
102
729
966
755
914
189
113
669
88
767
522
270
5
643
696
939
254
819
93
298
203
528
413
33
987
555
134
226
253
709
593
571
575
260
373
942
686
379
92
306
415
984
541
621
893
56
677
149
530
793
816
391
288
293
724
92
988
525
566
519
570
475
201
446
218
639
383
87
697
927
361
362
817
176
31
772
342
715
538
661
279
203
83
322
867
550
430
160
997
971
861
333
582
786
493
705
992
171
81
731
515
732
434
98
717
678
783
547
276
650
596
517
977
15
189
197
222
656
854
458
949
295
426
457
324
531
404
351
91
485
176
944
134
613
449
495
160
153
616
497
243
409
398
883
329
519
858
248
857
897
550
133
801
617
487
403
460
125
289
112
128
536
605
721
570
515
768
266
618
984
371
897
817
871
712
52
260
336
438
30
106
479
892
457
738
586
101
407
874
306
330
40
542
604
728
980
68
110
183
44
186
685
313
748
1
238
533
235
325
606
502
426
521
735
881
828
568
577
145
34
680
739
336
116
200
494
332
366
96
991
104
988
386
292
734
773
415
436
282
177
499
798
246
642
883
723
145
968
725
89
124
770
615
814
139
840
191
536
224
46
346
482
172
186
165
364
752
225
510
317
602
542
984
704
95
210
402
427
332
724
869
544
566
630
839
644
195
444
829
185
641
914
537
426
648
442
693
389
708
876
960
856
165
921
12
641
296
385
103
354
919
68
682
93
626
549
142
470
986
877
57
420
45
591
213
794
422
696
567
778
768
429
867
558
463
831
32
451
122
749
445
937
809
895
73
207
84
991
534
654
222
423
38
747
318
21
940
82
9
204
9
267
923
907
153
847
817
112
920
302
271
10
307
335
925
630
376
685
742
744
451
287
232
480
163
995
373
470
513
310
544
352
465
716
193
662
168
677
972
929
583
486
666
596
995
629
221
818
551
851
231
720
556
981
175
779
645
320
744
134
551
423
992
449
605
713
615
569
685
123
898
374
945
22
654
867
641
629
870
733
181
156
604
157
336
879
832
773
926
401
792
132
94
693
543
330
126
168
59
428
306
587
989
661
162
250
608
504
800
468
475
171
474
770
142
218
703
642
212
840
71
243
502
507
613
515
9
555
349
117
615
763
654
197
66
533
408
38
526
910
452
3
661
254
64
194
745
390
794
61
545
484
569
176
85
629
200
209
228
607
22
322
800
424
379
402
571
256
687
179
33
621
203
817
679
629
611
251
746
287
171
449
291
332
735
453
175
592
572
220
265
897
713
67
755
989
553
782
776
818
226
590
972
91
284
818
607
868
398
289
898
844
820
645
329
338
911
658
34
413
475
919
7
360
23
367
848
956
479
438
376
337
80
114
621
302
150
41
343
269
134
982
180
527
154
616
569
580
859
93
146
40
76
203
967
854
768
554
70
351
280
395
888
454
721
117
274
558
83
440
813
53
752
130
795
920
209
49
342
63
772
588
422
137
366
91
287
365
798
891
437
324
704
406
261
734
59
293
457
695
986
102
970
367
412
654
175
740
846
957
605
114
65
498
798
901
965
129
127
402
583
765
590
949
528
748
861
468
615
857
316
67
792
233
590
484
96
404
170
622
955
483
941
385
774
705
33
250
318
386
476
199
221
685
998
627
949
223
284
472
545
356
224
554
656
166
73
800
815
355
862
929
246
688
756
456
968
611
113
29
290
259
748
316
429
690
551
285
394
556
350
87
226
852
577
166
360
760
645
239
602
404
555
749
56
363
484
31
536
947
647
5
775
270
582
637
957
139
765
571
309
601
104
378
259
741
202
431
108
397
756
47
914
774
177
495
746
421
781
336
793
768
274
473
93
860
41
772
776
118
983
460
371
133
15
337
674
739
944
608
131
585
884
993
438
15
83
304
105
702
929
127
878
653
850
453
384
604
14
857
881
240
971
454
679
54
777
278
122
90
677
277
683
159
929
180
880
800
51
439
542
770
37
880
958
309
64
688
819
196
613
150
95
39
921
577
357
392
312
444
880
558
698
544
648
874
818
825
776
728
86
88
497
916
834
999
223
164
824
846
390
456
178
835
463
776
250
980
554
298
962
399
653
38
132
42
529
415
499
678
83
523
217
563
631
152
81
14
285
773
466
323
515
929
270
424
55
440
596
137
46
848
100
635
966
746
923
926
259
189
152
810
785
34
498
902
630
218
157
775
786
616
950
237
438
887
481
748
969
340
830
249
430
446
717
168
174
826
47
280
392
729
175
419
92
232
208
667
207
777
272
64
592
99
663
830
427
726
223
570
127
312
43
41
533
216
835
936
51
544
700
906
109
95
794
25
437
817
651
748
897
21
455
781
792
951
214
873
972
963
933
573
674
518
949
363
603
411
700
810
202
293
507
740
815
867
463
876
279
215
357
156
465
662
366
557
902
826
837
261
197
647
79
366
781
642
93
990
114
808
378
377
55
191
513
237
742
756
55
945
701
371
878
428
695
140
487
344
260
107
395
12
441
748
143
685
646
499
838
24
167
908
168
153
461
878
394
775
346
193
671
129
812
161
996
628
600
20
523
820
234
295
572
268
472
361
842
389
289
422
179
687
84
739
785
380
298
924
45
466
305
935
838
50
348
582
313
543
618
190
10
789
411
822
79
699
287
306
915
662
356
473
130
533
18
852
578
24
69
821
790
339
926
68
308
253
265
160
59
687
809
464
500
779
407
841
250
301
699
727
525
814
718
638
333
833
738
324
314
973
501
186
977
149
542
798
854
12
748
541
88
296
861
383
980
45
663
435
246
191
156
699
260
81
873
429
56
591
250
156
189
248
547
160
380
978
706
458
680
723
805
699
477
133
887
211
456
562
643
408
853
12
122
414
933
20
142
82
590
530
373
474
223
985
184
13
993
834
398
108
611
910
671
535
534
486
21
934
958
835
39
88
681
735
293
193
983
716
869
956
851
501
159
733
459
852
16
933
244
49
626
528
298
420
205
871
985
568
628
271
346
94
562
132
365
254
186
482
475
579
229
939
782
878
282
308
369
240
868
44
378
77
420
828
815
423
888
655
786
916
293
858
700
90
557
517
966
187
344
651
695
945
15
44
947
963
242
499
446
663
194
182
867
699
235
641
666
816
432
163
915
195
827
662
330
501
186
550
570
877
735
597
957
473
250
203
541
181
761
935
210
165
273
318
411
225
752
725
376
823
569
590
177
389
270
769
765
134
838
62
85
994
754
138
202
346
978
80
777
81
192
168
7
708
604
943
732
283
877
761
95
990
259
62
1
213
682
196
166
512
531
207
848
134
218
622
789
275
75
460
500
738
107
672
404
386
918
76
178
232
141
160
799
989
884
28
838
904
350
680
311
492
704
862
619
412
969
519
511
493
832
55
375
953
505
652
199
613
566
58
121
951
497
253
91
218
655
660
372
625
385
286
10
452
621
36
183
674
677
423
379
163
974
299
893
652
613
234
210
731
325
755
559
249
728
698
794
798
204
658
903
65
926
205
693
94
773
856
551
290
434
256
431
165
846
556
372
285
478
868
482
604
399
963
516
255
441
280
961
776
590
445
764
633
134
349
621
48
275
380
359
552
759
662
532
512
818
111
752
225
774
332
84
625
15
596
239
227
863
703
868
325
299
769
705
270
396
158
872
265
667
785
266
279
794
213
370
537
489
374
1
175
5
727
113
110
424
299
401
147
653
206
216
542
637
906
509
438
923
797
357
824
514
976
557
616
109
404
858
900
478
83
509
757
289
682
685
96
705
638
899
120
690
541
129
447
538
252
378
723
153
954
604
531
206
585
144
32
95
456
735
586
832
897
694
924
380
146
748
553
161
305
858
378
280
795
361
191
963
132
140
841
347
644
974
111
157
565
961
920
571
114
564
105
23
404
598
551
50
597
470
370
918
518
25
77
954
574
685
842
893
394
52
627
793
807
448
19
9
397
569
1
580
48
735
689
146
315
486
38
300
837
447
563
530
19
771
898
267
612
904
400
540
612
790
245
3
706
433
632
226
685
154
117
792
853
459
100
524
665
652
508
153
992
498
273
974
476
496
449
800
367
843
985
536
285
261
781
313
131
361
855
697
958
325
236
898
253
776
622
701
216
10
814
259
914
668
966
253
481
221
262
958
621
954
46
738
436
392
650
484
995
889
716
739
274
717
454
617
289
950
663
51
55
701
330
892
381
626
233
993
552
795
590
573
283
712
553
832
814
738
189
705
939
901
368
292
211
193
989
92
734
68
761
767
190
496
156
754
893
867
789
249
330
692
618
101
186
219
604
128
491
78
259
588
726
103
88
718
672
235
586
690
483
844
373
474
560
583
717
366
478
312
275
96
184
609
251
620
86
599
623
557
469
216
449
967
646
26
81
12
890
156
513
407
957
817
883
615
25
379
964
280
87
304
857
238
205
468
320
437
270
6
753
878
469
580
72
907
513
229
76
784
620
889
564
459
901
550
603
863
172
526
572
69
596
413
626
2
811
417
982
484
741
413
870
78
940
626
765
693
466
293
923
878
139
597
857
489
586
632
366
515
511
891
342
730
9
434
198
141
944
229
519
316
437
822
370
561
257
33
291
439
770
426
204
157
853
664
438
167
606
675
731
291
679
565
398
293
850
387
314
231
473
104
137
312
13
460
772
565
516
304
738
80
812
461
221
511
693
700
76
384
283
520
784
737
38
465
189
4
773
717
438
678
388
860
566
479
453
976
128
547
943
368
918
179
310
453
201
655
114
940
862
260
462
428
734
625
72
932
93
337
355
893
763
306
608
349
664
449
64
248
606
790
287
181
171
721
501
486
299
730
694
47
817
137
315
89
716
551
792
135
607
392
96
210
604
968
575
443
13
674
880
176
905
5
819
519
156
520
149
268
392
500
739
103
886
582
135
15
389
137
735
661
361
294
223
588
801
944
256
640
718
240
659
287
848
523
340
789
64
14
343
729
685
956
878
420
736
990
543
347
138
29
364
732
500
593
889
572
721
335
744
661
811
48
484
529
780
705
373
220
4
461
300
27
306
114
868
732
562
581
286
445
671
496
63
585
902
861
570
130
655
867
55
656
50
429
962
481
174
334
765
63
417
551
955
345
107
211
188
602
283
394
433
901
25
638
344
289
766
100
68
59
418
97
933
597
314
741
827
544
228
619
93
999
664
195
776
689
467
914
641
414
541
500
181
526
158
974
441
135
420
733
509
777
351
197
845
282
10
764
737
342
860
593
452
534
834
330
151
692
489
713
360
577
507
592
249
760
554
851
518
240
510
609
745
930
919
772
983
133
270
903
875
727
523
516
868
195
140
117
593
12
403
523
997
529
76
386
283
665
25
242
461
145
813
805
354
586
515
850
465
798
350
989
948
576
386
271
89
136
318
344
943
929
359
882
733
528
664
627
254
332
703
339
479
816
631
217
236
841
853
285
933
152
233
478
190
587
545
567
389
137
830
23
764
353
639
359
475
860
616
683
457
472
849
767
509
47
587
971
19
16
575
151
754
92
423
250
559
90
224
738
965
201
666
390
746
414
643
741
649
36
802
348
113
24
448
770
214
452
432
18
54
854
246
552
22
538
153
10
339
432
769
143
943
757
538
309
904
470
902
844
13
591
615
637
566
551
608
222
177
475
640
730
818
724
357
17
151
641
179
91
535
392
853
964
770
861
684
264
376
304
69
308
445
86
375
797
289
43
166
217
311
379
413
907
514
622
722
97
87
972
981
846
83
570
73
612
820
991
466
169
826
721
321
199
950
704
724
94
476
712
877
876
851
60
675
174
467
168
486
769
894
332
769
857
639
191
550
320
393
651
371
160
644
756
362
204
859
58
233
221
648
598
830
347
361
32
77
379
928
207
512
38
368
739
73
731
188
707
132
347
509
570
812
599
744
464
819
242
227
182
993
697
849
964
833
600
924
237
394
998
677
206
590
928
424
644
747
696
235
993
990
576
121
303
529
872
367
130
448
51
32
536
827
865
252
298
422
832
352
641
725
930
813
262
438
96
705
520
775
609
216
153
822
916
101
28
582
993
75
257
525
994
981
8
77
494
551
313
854
265
981
637
696
900
164
295
296
215
778
464
863
151
688
709
650
102
645
548
960
199
156
781
855
665
303
106
11
575
366
148
116
343
673
840
59
856
282
50
330
990
138
199
442
427
134
414
422
492
81
695
974
350
628
658
166
477
552
564
224
928
444
967
315
139
614
95
86
773
242
94
30
149
398
872
669
568
561
843
808
868
455
922
865
333
827
669
709
870
409
745
235
596
654
558
87
749
315
464
779
251
247
824
13
643
703
857
225
529
104
799
7
642
140
906
993
661
819
24
66
510
79
234
87
846
593
934
592
95
11
840
264
314
824
260
818
450
520
153
516
92
219
306
939
446
437
355
447
71
195
352
338
86
491
241
550
572
381
934
914
921
863
343
789
12
424
245
513
972
840
179
674
860
490
616
54
738
768
395
837
524
65
113
153
113
501
600
917
892
263
223
862
2
960
709
132
417
226
251
88
439
385
586
156
468
825
604
720
404
882
581
305
8
871
587
865
331
887
174
209
950
809
487
373
530
111
510
989
231
727
171
458
701
791
47
543
368
257
771
637
752
254
293
710
734
577
83
554
306
357
445
168
913
716
839
703
130
651
133
590
778
559
924
465
637
430
59
940
642
344
445
428
115
480
133
642
539
672
331
820
827
338
726
262
975
804
421
40
245
844
598
681
206
71
657
274
349
392
743
980
397
769
175
37
850
285
532
413
884
569
890
994
711
386
951
288
354
618
993
91
349
674
744
941
292
140
939
576
164
895
50
621
161
939
537
538
746
718
744
661
259
609
143
129
795
781
83
962
293
429
346
491
937
653
640
567
433
367
564
387
434
883
750
341
90
190
533
129
607
552
247
348
573
857
495
802
746
128
903
730
259
632
691
800
930
417
177
486
654
481
552
447
739
821
245
549
366
976
588
329
470
685
146
162
364
900
780
317
455
156
625
560
546
748
269
104
277
128
71
748
405
333
348
824
80
104
153
774
395
683
154
587
991
144
969
315
394
454
854
703
834
320
483
946
273
822
941
610
345
470
63
327
561
497
622
107
883
845
324
675
606
18
106
675
256
273
272
146
450
756
1
512
26
401
537
108
982
826
797
654
333
455
121
126
819
79
467
412
604
491
632
833
456
413
546
291
972
748
33
916
343
573
126
223
395
503
672
189
44
853
752
496
62
220
834
566
306
703
805
580
317
8
973
953
226
628
998
655
475
568
654
415
710
593
562
240
530
257
200
856
48
926
741
720
377
825
622
1
170
322
180
178
528
486
471
468
419
545
215
715
322
456
169
953
614
630
867
689
246
616
455
107
414
589
330
36
950
258
126
903
985
412
760
294
162
745
673
334
768
971
972
943
97
860
828
572
941
424
423
427
386
61
797
857
585
713
906
676
479
428
211
876
952
975
943
946
971
727
353
631
429
441
471
738
209
556
512
430
404
438
636
629
211
196
14
953
31
893
683
204
84
971
569
42
894
937
746
275
735
100
308
168
982
612
537
818
292
40
922
816
139
862
740
600
813
153
513
363
641
650
301
301
111
451
716
252
862
952
414
745
456
654
161
673
432
67
820
834
5
536
992
743
907
410
991
768
109
784
132
180
538
429
821
177
131
752
996
682
529
195
818
749
760
708
358
207
11
913
399
956
31
393
274
751
897
922
72
886
636
871
128
624
862
601
532
169
540
85
174
632
195
968
253
201
900
904
776
747
572
784
573
82
80
885
546
699
120
762
290
433
360
919
190
239
982
263
749
134
561
186
442
725
784
298
237
743
556
610
510
803
599
440
267
433
684
811
614
377
612
820
376
612
670
757
226
693
691
632
609
857
39
917
216
515
645
336
515
341
27
918
283
405
195
561
234
557
4
694
105
696
437
309
289
351
384
739
773
580
808
856
677
250
245
664
937
674
554
559
59
285
43
47
443
509
692
556
848
126
421
782
74
696
879
768
10
903
340
148
391
820
775
5
939
744
677
538
873
205
909
370
260
990
954
335
363
795
847
758
313
735
946
252
799
738
853
262
148
648
602
384
264
657
861
475
611
301
55
774
916
430
535
894
540
799
540
454
842
74
838
25
851
310
213
797
788
310
694
380
133
287
662
582
3
258
360
386
730
803
125
736
781
402
82
185
744
376
203
593
901
273
272
540
117
695
280
245
166
625
565
636
622
251
634
793
643
719
587
383
560
463
59
907
12
495
423
617
342
313
969
73
190
50
180
611
784
463
31
543
89
221
851
470
101
690
259
200
247
59
288
236
589
214
53
301
971
608
59
694
626
726
893
133
978
187
216
272
155
711
573
764
734
159
766
446
872
485
502
505
696
420
231
43
531
915
328
251
854
169
113
641
120
853
252
141
368
590
463
280
553
861
641
709
109
29
547
653
272
838
551
740
505
73
607
422
326
752
131
20
77
126
334
12
164
664
546
789
478
889
25
916
931
861
197
99
839
742
853
306
655
878
223
259
606
10
38
520
733
33
931
993
879
355
498
481
731
847
506
98
859
843
632
194
667
382
419
585
781
936
574
743
405
459
557
341
760
152
962
7
945
992
628
484
130
654
404
452
615
619
82
807
84
334
442
640
758
421
321
738
213
974
422
829
528
957
620
793
353
940
53
478
973
192
742
925
719
553
276
651
435
920
252
983
548
765
435
116
34
101
932
259
839
744
731
553
457
278
699
544
595
147
798
55
58
514
618
282
963
298
764
330
437
617
420
821
77
70
815
604
941
668
715
970
988
659
266
629
849
448
712
648
122
664
920
782
659
569
629
836
7
66
142
864
90
899
812
237
716
304
814
213
960
694
352
821
215
255
13
698
985
422
996
685
993
111
761
630
469
692
369
402
212
956
110
357
888
485
282
473
940
449
288
374
190
478
152
286
897
196
981
722
975
477
719
362
694
831
289
95
400
941
62
913
373
795
990
35
952
212
905
97
446
812
517
47
556
241
648
161
241
270
412
992
750
18
870
306
536
294
895
996
989
503
351
234
905
931
735
649
626
447
387
1
957
824
806
713
808
528
799
771
274
389
165
122
866
772
64
873
454
295
1
681
800
86
710
147
452
442
517
278
280
682
252
801
821
841
288
783
326
614
791
566
850
789
726
449
507
393
141
543
407
949
446
818
424
324
436
965
879
925
337
522
709
733
855
243
611
146
516
987
308
695
230
118
451
637
808
40
478
857
964
522
982
105
702
803
471
777
647
526
478
708
617
507
132
939
972
591
125
144
472
385
781
93
351
126
577
417
950
283
213
72
626
138
590
128
61
758
782
730
293
987
765
40
608
486
793
967
407
638
185
166
562
159
796
454
413
214
359
744
111
93
570
262
441
447
664
313
39
728
620
993
741
838
481
296
186
236
365
409
188
104
439
70
216
816
828
352
98
130
552
354
79
707
229
783
749
229
866
81
781
283
672
101
991
89
794
175
847
58
938
578
764
628
360
636
889
991
179
683
517
947
933
110
266
892
698
312
315
787
82
572
856
917
253
312
263
275
697
105
719
179
437
917
217
179
846
171
63
842
174
470
403
267
909
200
708
138
510
451
329
354
20
59
855
654
100
411
3
57
403
234
548
151
602
590
646
849
220
507
43
51
565
858
115
210
907
737
468
655
222
931
606
482
816
933
997
438
778
907
82
423
156
837
311
50
206
91
581
456
829
200
360
426
128
321
37
26
781
958
34
786
16
804
187
53
832
116
728
937
475
836
197
483
621
517
406
678
441
831
974
941
448
531
569
900
462
57
176
489
611
627
714
994
498
250
335
871
453
249
912
750
605
357
270
873
892
996
458
363
129
756
800
774
73
308
251
731
995
784
767
97
701
231
50
868
902
370
941
465
887
501
44
397
5
355
46
155
84
727
916
754
513
329
666
144
127
261
12
503
379
553
470
74
580
981
200
723
485
992
122
291
373
767
641
321
340
637
696
14
937
483
255
632
65
140
596
971
58
447
482
524
687
935
167
767
402
417
352
598
529
471
215
130
367
467
248
894
98
342
817
861
22
964
774
695
78
707
644
97
739
846
318
225
622
227
169
652
146
2
319
657
141
486
187
683
359
744
633
214
790
326
631
234
725
198
198
771
72
269
487
887
667
966
998
765
709
849
606
327
615
920
137
388
253
238
627
584
655
866
587
696
959
375
783
192
68
132
275
13
990
394
428
437
966
839
432
228
700
951
41
116
240
688
67
208
422
457
550
987
594
828
730
91
166
598
745
122
889
442
380
96
406
371
194
961
384
620
347
422
970
205
55
666
275
741
197
55
231
795
197
770
535
149
905
466
200
831
214
935
857
330
114
22
112
615
138
804
893
392
698
479
121
206
857
952
598
244
440
991
487
233
33
939
862
472
780
619
74
831
310
69
661
519
299
318
327
470
38
433
892
559
869
257
777
78
882
672
513
683
530
410
623
671
346
824
188
367
249
468
825
884
379
881
420
461
586
37
97
799
295
439
3
855
65
538
191
666
389
650
351
471
33
23
95
738
454
281
544
927
229
860
320
401
393
462
274
728
849
154
691
194
737
939
873
735
914
633
438
344
61
35
663
745
731
469
586
989
895
488
995
772
662
965
245
514
349
619
790
625
787
770
205
570
18
978
975
381
674
373
419
408
6
499
631
969
640
713
402
901
835
151
226
646
119
480
315
685
667
91
760
973
126
315
558
969
814
123
210
498
826
117
860
280
758
243
58
530
196
445
677
279
264
498
944
417
991
823
666
497
594
936
401
725
613
138
893
757
828
863
696
321
673
146
914
708
78
589
972
541
659
679
167
649
396
886
287
79
97
341
464
59
401
144
954
755
225
316
383
423
988
818
185
402
149
670
354
563
147
785
630
240
518
553
854
465
672
195
614
750
281
105
497
407
185
624
485
663
958
653
421
584
847
131
48
26
8
23
782
643
775
806
708
388
84
933
747
306
756
828
511
876
609
309
776
699
666
13
486
374
640
673
26
581
581
868
483
996
630
259
25
71
396
551
911
475
893
8
675
876
341
117
989
626
576
74
144
23
791
270
475
539
319
829
443
679
593
622
912
48
22
364
732
491
669
844
569
512
309
690
899
401
938
515
83
893
700
47
261
783
133
483
791
932
868
298
743
670
311
910
984
835
413
246
380
877
477
631
836
437
917
421
899
36
290
404
652
496
523
396
616
719
85
663
603
256
389
982
820
868
188
175
372
139
660
337
870
326
129
588
690
115
131
764
783
659
960
686
982
178
214
618
723
88
270
746
501
533
804
507
594
517
699
983
174
467
244
795
130
62
759
312
936
529
586
608
283
873
939
793
585
409
567
534
521
75
734
393
303
115
265
425
409
180
151
428
111
850
269
904
907
427
725
128
804
396
145
169
156
407
842
280
395
783
398
687
772
588
549
590
449
875
943
12
635
548
267
727
732
645
867
472
979
497
212
484
946
752
894
983
585
913
311
227
371
420
353
352
67
665
811
448
806
616
841
870
267
438
801
821
11
534
395
631
948
70
429
953
43
359
946
119
176
172
407
437
101
362
297
920
816
662
441
5
667
662
382
528
126
789
733
979
544
521
430
839
439
64
9
436
597
107
837
960
561
284
823
641
993
778
126
914
460
266
785
418
747
64
614
36
853
869
263
794
355
740
780
280
102
529
11
154
339
6
330
426
799
480
473
295
285
163
556
379
462
685
814
977
389
396
613
569
122
668
618
382
692
47
277
261
414
636
117
57
621
395
210
554
171
311
298
976
835
935
731
484
110
255
726
892
958
158
78
831
624
702
853
985
626
222
174
416
676
883
638
418
825
736
91
108
184
857
262
193
729
839
20
927
517
235
740
500
647
176
933
50
681
811
443
771
458
372
752
103
415
492
108
436
753
418
8
177
572
321
355
172
278
544
15
927
224
210
105
659
272
400
728
374
838
562
293
32
907
729
718
3
379
409
884
634
235
353
625
177
890
32
392
870
816
244
334
32
191
88
889
559
474
704
638
282
864
845
928
986
925
450
601
925
346
107
552
62
525
179
27
844
122
241
813
966
506
57
221
108
409
704
791
708
721
92
262
376
952
676
502
177
882
215
559
405
518
183
918
692
701
257
926
646
274
128
285
66
131
625
145
753
290
219
732
145
104
485
823
982
126
595
393
68
377
631
571
97
718
957
20
624
869
477
262
171
179
796
96
498
700
722
997
688
474
716
457
428
738
934
971
753
227
669
802
255
832
231
843
386
401
480
112
481
757
251
193
531
293
74
361
519
253
638
297
957
23
406
938
245
368
217
982
664
126
290
559
254
696
270
406
979
40
522
480
213
519
116
508
968
899
115
421
507
246
793
586
133
226
24
971
608
756
231
555
418
117
570
713
509
241
927
515
710
735
379
34
490
134
735
419
845
905
796
41
569
766
133
634
309
397
426
778
651
699
202
412
241
520
154
945
584
364
313
251
137
415
274
106
115
7
896
961
53
443
323
809
733
324
922
35
906
474
1
5
37
10
680
705
86
81
5
555
775
589
657
120
142
630
355
55
208
965
512
198
403
869
621
942
354
854
559
604
671
619
56
122
351
930
343
208
227
768
414
472
897
265
116
652
933
155
692
65
420
265
820
216
37
966
746
681
713
518
960
987
673
24
825
627
503
728
587
719
669
177
399
648
494
962
771
3
245
991
484
345
923
784
982
327
618
741
276
90
15
500
171
52
908
499
270
841
732
296
140
864
137
727
699
61
33
681
29
753
933
166
53
528
217
628
688
468
736
228
712
58
588
810
559
690
96
884
74
110
597
348
451
93
283
64
979
113
904
43
620
909
782
529
45
475
925
324
149
2
105
881
885
500
488
885
419
821
683
245
846
205
186
826
695
477
484
854
832
831
628
696
4
301
500
955
32
268
397
427
502
314
163
784
547
158
895
385
369
988
640
465
522
522
108
299
774
718
641
997
374
469
46
312
158
585
320
548
912
