999
42
486
341
527
189
740
490
388
989
489
711
174
305
844
971
492
998
954
832
442
424
619
906
154
293
395
439
735
738
915
453
748
786
550
871
932
693
326
53
904
732
835
354
364
691
669
157
719
282
875
573
672
695
790
58
872
732
751
557
779
329
39
213
844
289
137
50
951
284
671
474
829
906
736
395
366
22
133
418
552
649
636
109
974
775
852
971
384
945
335
961
472
651
335
543
560
135
85
952
558
838
147
644
688
727
940
991
309
705
409
27
774
951
92
277
835
804
589
103
529
11
304
171
655
378
792
679
590
36
65
378
152
958
746
980
434
139
222
26
349
473
300
781
394
960
918
242
768
246
607
429
971
534
44
430
198
901
624
781
657
428
366
652
558
570
490
623
46
606
375
302
867
384
32
601
46
376
223
688
509
290
739
54
2
445
966
907
792
146
468
732
908
673
506
825
424
325
624
836
524
324
624
954
469
621
255
536
588
821
334
231
20
850
642
5
735
199
506
97
358
554
589
344
513
456
226
472
625
601
816
813
297
609
819
38
185
493
646
557
305
45
204
209
687
966
198
835
911
176
523
219
637
297
76
349
669
389
891
894
462
899
163
868
418
903
31
333
670
32
705
561
505
920
414
81
723
603
513
25
896
879
703
415
799
271
440
8
596
207
296
116
458
646
781
842
963
174
157
747
207
996
361
371
721
447
566
438
566
449
522
176
79
740
757
156
436
296
23
704
542
572
455
886
962
194
219
301
437
315
122
513
299
468
760
133
713
348
692
792
276
318
380
217
74
913
819
834
966
318
784
350
578
670
11
482
149
220
243
137
164
541
471
185
477
57
681
319
466
271
45
181
540
750
670
200
322
479
51
171
33
806
915
976
399
213
629
504
419
324
850
364
900
397
180
845
99
495
326
526
186
791
303
765
671
210
999
106
489
243
635
807
104
558
628
545
926
35
3
75
196
35
460
523
621
748
45
501
143
240
318
78
908
207
369
436
6
285
200
236
864
731
786
915
672
293
563
141
708
698
646
48
128
603
716
681
329
389
489
683
616
875
510
20
493
141
176
803
106
92
928
20
762
203
336
586
258
56
781
172
115
890
104
595
491
607
489
628
653
635
960
449
549
909
977
124
621
741
275
206
558
266
269
209
125
36
347
41
802
418
573
175
542
820
939
219
785
945
872
681
843
931
731
977
596
374
21
489
202
85
446
306
773
377
327
484
114
135
902
821
873
475
451
7
412
425
547
143
733
848
389
79
380
842
500
577
240
628
367
535
371
367
295
893
391
909
36
647
123
730
715
597
66
448
154
254
570
566
941
319
885
66
979
588
764
661
989
479
384
555
966
610
486
912
647
78
871
680
951
226
165
778
518
764
196
481
843
225
888
628
966
221
815
874
416
302
724
206
747
639
561
562
995
187
731
969
559
897
301
428
658
875
880
156
474
639
908
445
711
754
462
325
686
51
323
876
93
831
611
19
947
141
726
183
855
61
515
714
110
517
592
17
161
373
334
670
767
67
270
336
768
204
613
290
194
532
833
799
629
322
4
567
586
587
659
474
571
156
272
841
204
622
84
236
692
222
17
850
607
416
775
673
455
56
89
86
805
514
995
294
871
637
504
243
686
712
366
20
194
517
259
177
568
627
934
599
711
850
242
751
231
980
541
304
434
120
259
598
662
974
882
936
87
567
741
564
697
771
278
528
999
318
960
868
559
269
534
347
898
611
352
154
497
180
113
599
793
931
121
438
531
612
996
30
571
29
565
373
91
946
650
432
490
55
686
590
354
609
93
243
760
984
909
161
691
957
856
452
646
749
95
541
804
54
259
201
46
863
655
236
764
943
363
290
791
949
970
342
759
437
47
376
33
572
506
603
525
982
366
84
931
159
228
970
98
447
621
200
454
437
712
647
842
395
124
582
53
751
171
845
1
265
659
960
869
503
357
37
133
249
859
640
14
670
191
710
652
668
656
904
364
438
466
23
270
256
460
320
651
330
271
149
136
330
218
137
53
230
102
340
875
75
180
393
280
915
680
673
936
917
565
518
973
284
667
705
223
408
930
835
389
882
280
28
642
995
34
967
791
531
405
718
339
705
595
735
944
57
417
493
241
521
971
963
500
517
295
962
898
59
715
985
291
133
232
580
823
349
43
243
318
111
956
102
731
509
799
389
845
977
548
134
681
128
924
97
789
2
151
986
718
140
19
954
806
725
385
29
210
803
208
77
887
996
73
345
890
180
310
201
846
686
645
679
601
313
698
691
111
127
